Time Since Start (in seconds),Participant ID,Trial Number,Condition Number,Head Position x,Head Position y,Head Position z
20.08449,12,1,1,0.2956716,1.779626,-2.0587
20.09577,12,1,1,0.295683,1.779613,-2.058707
20.10683,12,1,1,0.2956413,1.779635,-2.058785
20.11795,12,1,1,0.2956301,1.779623,-2.058799
20.1292,12,1,1,0.2956348,1.779617,-2.058807
20.14021,12,1,1,0.2955404,1.779738,-2.05888
20.1512,12,1,1,0.2955409,1.779734,-2.058901
20.16234,12,1,1,0.2955252,1.779734,-2.058919
20.17344,12,1,1,0.2957967,1.779869,-2.058496
20.18524,12,1,1,0.2955316,1.779752,-2.058854
20.19563,12,1,1,0.2955018,1.779756,-2.058894
20.20691,12,1,1,0.2958313,1.779911,-2.058663
20.21798,12,1,1,0.2955504,1.77983,-2.059016
20.22905,12,1,1,0.2955595,1.779835,-2.059019
20.24004,12,1,1,0.2958117,1.779951,-2.058611
20.25131,12,1,1,0.2955507,1.779806,-2.05898
20.26235,12,1,1,0.2955366,1.779818,-2.058984
20.27697,12,1,1,0.2957467,1.779903,-2.058501
20.28452,12,1,1,0.2954744,1.779804,-2.058884
20.29561,12,1,1,0.2954274,1.779823,-2.058929
20.30672,12,1,1,0.2956201,1.779929,-2.058583
20.31785,12,1,1,0.295447,1.779715,-2.058856
20.32902,12,1,1,0.2954503,1.7797,-2.05883
20.34014,12,1,1,0.2954951,1.779727,-2.05875
20.35133,12,1,1,0.2954751,1.779735,-2.058745
20.36242,12,1,1,0.2954777,1.779714,-2.058702
20.3735,12,1,1,0.2958115,1.779845,-2.058424
20.38468,12,1,1,0.2955218,1.779796,-2.058819
20.39564,12,1,1,0.2955013,1.779818,-2.058886
20.40676,12,1,1,0.295581,1.779832,-2.058783
20.41815,12,1,1,0.2956038,1.779822,-2.058781
20.42889,12,1,1,0.2955309,1.779833,-2.058798
20.44003,12,1,1,0.295575,1.779765,-2.058892
20.45119,12,1,1,0.2956029,1.779743,-2.058882
20.46241,12,1,1,0.2956072,1.779735,-2.05885
20.4733,12,1,1,0.2958373,1.779836,-2.058549
20.48442,12,1,1,0.2956761,1.779665,-2.058842
20.49571,12,1,1,0.2957092,1.779636,-2.058836
20.50668,12,1,1,0.2955631,1.779756,-2.05879
20.51795,12,1,1,0.2955626,1.779769,-2.058782
20.5289,12,1,1,0.2955557,1.779752,-2.058756
20.53991,12,1,1,0.2956534,1.77975,-2.058766
20.5515,12,1,1,0.2956615,1.779762,-2.058775
20.56238,12,1,1,0.2956372,1.779783,-2.058811
20.57334,12,1,1,0.2958766,1.779899,-2.058379
20.58439,12,1,1,0.2954851,1.779894,-2.058882
20.59553,12,1,1,0.2954668,1.779929,-2.058917
20.60663,12,1,1,0.295802,1.779845,-2.058505
20.61773,12,1,1,0.2958127,1.779844,-2.058482
20.629,12,1,1,0.2958234,1.779844,-2.05846
20.64016,12,1,1,0.2957803,1.779978,-2.058534
20.65174,12,1,1,0.2957915,1.779956,-2.058482
20.66211,12,1,1,0.295838,1.779945,-2.058445
20.67351,12,1,1,0.2960702,1.78004,-2.058106
20.68437,12,1,1,0.295735,1.78,-2.058506
20.69539,12,1,1,0.295739,1.780003,-2.058507
20.70665,12,1,1,0.2960609,1.780139,-2.058277
20.71777,12,1,1,0.2957841,1.780068,-2.058664
20.72898,12,1,1,0.2957524,1.780089,-2.058703
20.73984,12,1,1,0.2959362,1.780012,-2.058646
20.75124,12,1,1,0.2959438,1.780014,-2.058649
20.76207,12,1,1,0.2959581,1.78002,-2.058649
20.77327,12,1,1,0.296224,1.780149,-2.058249
20.7845,12,1,1,0.2960373,1.779947,-2.058565
20.79542,12,1,1,0.2960595,1.779946,-2.058548
20.80647,12,1,1,0.2962995,1.780046,-2.058209
20.81761,12,1,1,0.295821,1.78002,-2.058772
20.82886,12,1,1,0.295838,1.780019,-2.058768
20.83984,12,1,1,0.296044,1.780096,-2.058353
20.85137,12,1,1,0.2957693,1.780066,-2.058694
20.86203,12,1,1,0.2957693,1.780058,-2.058679
20.87346,12,1,1,0.2960063,1.780182,-2.058219
20.89057,12,1,1,0.295749,1.780049,-2.058575
20.90657,12,1,1,0.2959081,1.779902,-2.058398
20.91768,12,1,1,0.2958983,1.779919,-2.058398
20.92869,12,1,1,0.2958923,1.779934,-2.058391
20.94017,12,1,1,0.2961505,1.780031,-2.058143
20.95094,12,1,1,0.2960373,1.780027,-2.058291
20.96199,12,1,1,0.2960828,1.780024,-2.058259
20.97307,12,1,1,0.2959078,1.780126,-2.058247
20.98431,12,1,1,0.2959207,1.780118,-2.058205
20.99549,12,1,1,0.2959557,1.780123,-2.05814
21.00641,12,1,1,0.2961479,1.780033,-2.05799
21.01763,12,1,1,0.2961636,1.78004,-2.057957
21.02866,12,1,1,0.2961756,1.780037,-2.057933
21.03969,12,1,1,0.2961267,1.780026,-2.05819
21.05086,12,1,1,0.2961222,1.780023,-2.058178
21.06197,12,1,1,0.2961188,1.78002,-2.058171
21.0732,12,1,1,0.2963251,1.78011,-2.057647
21.08431,12,1,1,0.2960616,1.78003,-2.057991
21.09533,12,1,1,0.2960649,1.780026,-2.057972
21.10636,12,1,1,0.2963649,1.780156,-2.057744
21.1175,12,1,1,0.2963654,1.780023,-2.057812
21.12861,12,1,1,0.2964059,1.780023,-2.057795
21.14013,12,1,1,0.296135,1.780003,-2.058074
21.15105,12,1,1,0.2961565,1.780003,-2.058046
21.16203,12,1,1,0.2961808,1.78,-2.058011
21.17306,12,1,1,0.2963987,1.7801,-2.057745
21.18517,12,1,1,0.2960723,1.780097,-2.058133
21.19532,12,1,1,0.2961145,1.780113,-2.058095
21.20633,12,1,1,0.2963658,1.780246,-2.057851
21.21752,12,1,1,0.2962967,1.78019,-2.058012
21.2286,12,1,1,0.296305,1.780207,-2.058028
21.23963,12,1,1,0.2964765,1.780301,-2.05773
21.25077,12,1,1,0.2964326,1.780244,-2.057836
21.26196,12,1,1,0.2964593,1.780252,-2.05782
21.27337,12,1,1,0.2966364,1.780341,-2.057615
21.28412,12,1,1,0.2962833,1.780315,-2.058063
21.29542,12,1,1,0.2962891,1.780316,-2.058029
21.30628,12,1,1,0.2961784,1.780226,-2.058167
21.31744,12,1,1,0.2961958,1.780227,-2.058136
21.32862,12,1,1,0.2962013,1.78024,-2.058121
21.33964,12,1,1,0.2963465,1.780309,-2.057892
21.35086,12,1,1,0.2961102,1.78016,-2.058256
21.36183,12,1,1,0.296115,1.78017,-2.058259
21.37335,12,1,1,0.2962886,1.780285,-2.058023
21.38426,12,1,1,0.2961856,1.780098,-2.058261
21.39517,12,1,1,0.2961961,1.780091,-2.05825
21.40639,12,1,1,0.2964312,1.780185,-2.057941
21.41846,12,1,1,0.2961057,1.780095,-2.058362
21.42847,12,1,1,0.2961331,1.780095,-2.058357
21.43956,12,1,1,0.2963577,1.780178,-2.058051
21.45079,12,1,1,0.2962767,1.779995,-2.058242
21.46186,12,1,1,0.2962991,1.779994,-2.058227
21.47287,12,1,1,0.2964903,1.780062,-2.057958
21.48447,12,1,1,0.2961846,1.780046,-2.058352
21.49511,12,1,1,0.2962049,1.780039,-2.058341
21.5062,12,1,1,0.2963918,1.780089,-2.057903
21.51733,12,1,1,0.296454,1.780012,-2.057859
21.52865,12,1,1,0.2964936,1.779982,-2.057833
21.53947,12,1,1,0.2967199,1.780117,-2.057534
21.55058,12,1,1,0.2962192,1.780096,-2.058139
21.56181,12,1,1,0.2962409,1.780107,-2.058112
21.57296,12,1,1,0.2965089,1.78025,-2.057834
21.58434,12,1,1,0.2961281,1.780176,-2.058298
21.59501,12,1,1,0.2961298,1.780186,-2.058321
21.60626,12,1,1,0.2962993,1.780276,-2.058
21.61735,12,1,1,0.2959703,1.780101,-2.058397
21.62835,12,1,1,0.2959925,1.7801,-2.058383
21.63941,12,1,1,0.2961222,1.780099,-2.058412
21.65064,12,1,1,0.2961355,1.780062,-2.058386
21.6617,12,1,1,0.2961446,1.780069,-2.058368
21.67282,12,1,1,0.2962628,1.780151,-2.057811
21.68401,12,1,1,0.2960592,1.780015,-2.058083
21.69502,12,1,1,0.2960466,1.780023,-2.058117
21.70615,12,1,1,0.296279,1.780154,-2.057803
21.71737,12,1,1,0.2960387,1.779992,-2.058143
21.72869,12,1,1,0.2960123,1.779987,-2.058136
21.7395,12,1,1,0.2962318,1.780072,-2.057982
21.75057,12,1,1,0.2960978,1.780046,-2.058161
21.76173,12,1,1,0.2961055,1.780018,-2.058098
21.77278,12,1,1,0.2963053,1.780055,-2.057961
21.7839,12,1,1,0.2957812,1.779998,-2.058554
21.79495,12,1,1,0.2957755,1.779999,-2.058575
21.80602,12,1,1,0.2959503,1.780068,-2.058137
21.81767,12,1,1,0.2957407,1.779856,-2.058483
21.82826,12,1,1,0.2957488,1.779843,-2.058508
21.83938,12,1,1,0.2959953,1.779933,-2.05834
21.85054,12,1,1,0.2957877,1.779797,-2.058622
21.86159,12,1,1,0.2957717,1.779793,-2.058614
21.87271,12,1,1,0.2960173,1.779897,-2.058345
21.88381,12,1,1,0.2958196,1.779778,-2.05858
21.89492,12,1,1,0.2958232,1.77977,-2.058603
21.9062,12,1,1,0.2960497,1.779881,-2.058236
21.9175,12,1,1,0.2958804,1.779881,-2.058422
21.92827,12,1,1,0.2958711,1.779882,-2.058471
21.93958,12,1,1,0.2961124,1.780003,-2.058243
21.95048,12,1,1,0.2958225,1.779933,-2.058615
21.96154,12,1,1,0.2958065,1.779933,-2.058613
21.97278,12,1,1,0.2960277,1.780025,-2.058357
21.98373,12,1,1,0.2957533,1.779914,-2.0587
21.99515,12,1,1,0.2957626,1.779905,-2.058679
22.00606,12,1,1,0.296012,1.780016,-2.058361
22.0171,12,1,1,0.2960449,1.779931,-2.058386
22.0283,12,1,1,0.2960723,1.77989,-2.058399
22.03937,12,1,1,0.2962137,1.77996,-2.058144
22.05051,12,1,1,0.2960666,1.779786,-2.05845
22.06153,12,1,1,0.2961176,1.779775,-2.05849
22.07269,12,1,1,0.2963596,1.779873,-2.058164
22.08377,12,1,1,0.2960189,1.779875,-2.058531
22.09484,12,1,1,0.2960058,1.77989,-2.058555
22.10599,12,1,1,0.296187,1.779923,-2.058196
22.1171,12,1,1,0.2959643,1.779779,-2.058551
22.1282,12,1,1,0.2959693,1.779754,-2.058484
22.13922,12,1,1,0.2958628,1.779816,-2.058475
22.15065,12,1,1,0.2958728,1.779809,-2.058414
22.16149,12,1,1,0.2959052,1.779779,-2.058372
22.17253,12,1,1,0.2961341,1.779936,-2.05817
22.18409,12,1,1,0.2958084,1.779821,-2.058574
22.19511,12,1,1,0.2957889,1.779841,-2.058642
22.20586,12,1,1,0.2959553,1.779953,-2.058276
22.2171,12,1,1,0.2957421,1.779687,-2.058586
22.22824,12,1,1,0.2957049,1.779703,-2.058651
22.2392,12,1,1,0.295869,1.779794,-2.058168
22.25034,12,1,1,0.2955457,1.779741,-2.058567
22.26142,12,1,1,0.2955099,1.779706,-2.058488
22.27265,12,1,1,0.2957848,1.779835,-2.058224
22.28364,12,1,1,0.2954262,1.77969,-2.058661
22.29476,12,1,1,0.2954427,1.779675,-2.058609
22.30601,12,1,1,0.2957993,1.779814,-2.05834
22.31706,12,1,1,0.2958175,1.779646,-2.058389
22.32804,12,1,1,0.2958003,1.779651,-2.05844
22.33922,12,1,1,0.2960669,1.779776,-2.05814
22.35035,12,1,1,0.296001,1.779716,-2.058244
22.36145,12,1,1,0.2959977,1.779721,-2.058247
22.3726,12,1,1,0.2962666,1.779862,-2.057935
22.38371,12,1,1,0.2960447,1.779708,-2.058293
22.3947,12,1,1,0.2960287,1.779701,-2.058305
22.40576,12,1,1,0.2963451,1.779813,-2.058041
22.41735,12,1,1,0.2959696,1.779781,-2.058496
22.42808,12,1,1,0.2959605,1.779771,-2.058523
22.43908,12,1,1,0.2962647,1.779883,-2.05823
22.45039,12,1,1,0.2959565,1.7798,-2.058636
22.46154,12,1,1,0.2959329,1.779779,-2.058598
22.47269,12,1,1,0.2961536,1.77986,-2.058126
22.48685,12,1,1,0.2959271,1.779708,-2.058467
22.49465,12,1,1,0.2959553,1.779703,-2.058437
22.50642,12,1,1,0.2961074,1.779802,-2.057874
22.51685,12,1,1,0.2960926,1.779675,-2.057948
22.52798,12,1,1,0.2960723,1.779681,-2.057982
22.53917,12,1,1,0.2963434,1.779792,-2.057715
22.55048,12,1,1,0.2963048,1.779827,-2.057803
22.5613,12,1,1,0.2962831,1.77983,-2.057842
22.5725,12,1,1,0.2965403,1.77995,-2.057682
22.58371,12,1,1,0.2966736,1.779835,-2.057581
22.59463,12,1,1,0.2967039,1.779821,-2.057552
22.60568,12,1,1,0.2968479,1.779887,-2.057261
22.61704,12,1,1,0.2969001,1.779816,-2.05724
22.6281,12,1,1,0.296944,1.779797,-2.057218
22.6392,12,1,1,0.2970878,1.77983,-2.056915
22.6504,12,1,1,0.2966224,1.779856,-2.057451
22.66126,12,1,1,0.2966698,1.779849,-2.057452
22.67234,12,1,1,0.2968703,1.779945,-2.057268
22.68358,12,1,1,0.2967781,1.779849,-2.057438
22.69464,12,1,1,0.2967764,1.779862,-2.057453
22.70572,12,1,1,0.2969557,1.779933,-2.057116
22.71683,12,1,1,0.2964767,1.780011,-2.057648
22.72803,12,1,1,0.2964617,1.780028,-2.057677
22.73903,12,1,1,0.2965952,1.780112,-2.057539
22.7501,12,1,1,0.29646,1.779899,-2.057796
22.76124,12,1,1,0.2964507,1.779908,-2.057804
22.77236,12,1,1,0.296624,1.779978,-2.057627
22.7835,12,1,1,0.2962874,1.779954,-2.058052
22.79449,12,1,1,0.2962774,1.779963,-2.058064
22.80561,12,1,1,0.2964657,1.780051,-2.057713
22.81674,12,1,1,0.2964726,1.780015,-2.057738
22.82783,12,1,1,0.2964917,1.780023,-2.057748
22.83897,12,1,1,0.296748,1.780136,-2.057557
22.85055,12,1,1,0.2965008,1.780013,-2.057933
22.8612,12,1,1,0.2964726,1.780025,-2.057959
22.87247,12,1,1,0.2965752,1.780109,-2.057608
22.88343,12,1,1,0.2963539,1.78,-2.057921
22.89452,12,1,1,0.2963522,1.780003,-2.05796
22.90554,12,1,1,0.2964874,1.780085,-2.057793
22.91727,12,1,1,0.2964273,1.780074,-2.057874
22.92783,12,1,1,0.2964133,1.780086,-2.057904
22.93892,12,1,1,0.2965418,1.780158,-2.057587
22.95004,12,1,1,0.2965203,1.780156,-2.057605
22.96143,12,1,1,0.2965432,1.780175,-2.057612
22.97235,12,1,1,0.2966834,1.780236,-2.057328
22.98347,12,1,1,0.296393,1.780037,-2.057711
22.99437,12,1,1,0.2964078,1.780035,-2.057692
23.00574,12,1,1,0.2965463,1.780112,-2.057501
23.0167,12,1,1,0.2965342,1.780087,-2.057505
23.02776,12,1,1,0.2965058,1.780079,-2.05749
23.03884,12,1,1,0.296733,1.780178,-2.057227
23.05001,12,1,1,0.2964407,1.780056,-2.057625
23.06109,12,1,1,0.2964092,1.780067,-2.057647
23.07249,12,1,1,0.2966121,1.780143,-2.057451
23.0834,12,1,1,0.296619,1.780055,-2.057518
23.09444,12,1,1,0.2966138,1.780055,-2.057521
23.10547,12,1,1,0.2967125,1.780113,-2.057385
23.11664,12,1,1,0.2964116,1.780004,-2.057803
23.1279,12,1,1,0.2964068,1.780004,-2.057798
23.1388,12,1,1,0.2965694,1.780095,-2.057579
23.14992,12,1,1,0.2964319,1.78009,-2.057749
23.16114,12,1,1,0.2964462,1.780069,-2.057743
23.17212,12,1,1,0.2966696,1.780152,-2.057657
23.18334,12,1,1,0.2964605,1.780047,-2.057987
23.19436,12,1,1,0.296445,1.780046,-2.057984
23.20559,12,1,1,0.29667,1.780133,-2.057686
23.21672,12,1,1,0.2963987,1.780107,-2.058007
23.22769,12,1,1,0.2964064,1.78012,-2.058043
23.23924,12,1,1,0.2964707,1.780159,-2.057741
23.24989,12,1,1,0.2962538,1.780056,-2.058083
23.26095,12,1,1,0.2962824,1.780083,-2.058113
23.27206,12,1,1,0.2965339,1.780188,-2.057862
23.28326,12,1,1,0.2963305,1.780051,-2.058134
23.29449,12,1,1,0.2963236,1.780046,-2.05811
23.30539,12,1,1,0.2964562,1.780099,-2.057738
23.31659,12,1,1,0.2961784,1.780089,-2.058087
23.32773,12,1,1,0.2961884,1.780085,-2.058071
23.33878,12,1,1,0.2963656,1.780166,-2.057715
23.34985,12,1,1,0.2959867,1.780175,-2.058194
23.36095,12,1,1,0.2959667,1.780187,-2.058221
23.37221,12,1,1,0.2961961,1.780327,-2.058187
23.38333,12,1,1,0.2959758,1.780174,-2.058552
23.3945,12,1,1,0.2959634,1.780169,-2.058561
23.40535,12,1,1,0.2961427,1.780257,-2.058435
23.41657,12,1,1,0.2960306,1.780173,-2.058581
23.4276,12,1,1,0.2960206,1.780174,-2.058576
23.43875,12,1,1,0.296135,1.780243,-2.058086
23.44981,12,1,1,0.2962383,1.780043,-2.058007
23.46089,12,1,1,0.2962538,1.780012,-2.058009
23.47231,12,1,1,0.2965079,1.78009,-2.057734
23.4834,12,1,1,0.2960206,1.780088,-2.05835
23.49433,12,1,1,0.2959906,1.780073,-2.058375
23.50529,12,1,1,0.2962089,1.780163,-2.058186
23.5167,12,1,1,0.2958384,1.780023,-2.058663
23.52754,12,1,1,0.2958046,1.780019,-2.058708
23.53873,12,1,1,0.2960118,1.780113,-2.0586
23.5498,12,1,1,0.2957831,1.779947,-2.058999
23.56093,12,1,1,0.2957684,1.779917,-2.059024
23.57226,12,1,1,0.295996,1.780027,-2.058753
23.58315,12,1,1,0.2957853,1.779929,-2.059059
23.59432,12,1,1,0.2957831,1.77992,-2.059082
23.60537,12,1,1,0.2959772,1.780008,-2.05876
23.61654,12,1,1,0.2958241,1.779945,-2.058981
23.62762,12,1,1,0.2957877,1.779932,-2.05902
23.63865,12,1,1,0.2959577,1.780023,-2.058629
23.64978,12,1,1,0.2955824,1.77995,-2.059129
23.6608,12,1,1,0.2955388,1.779959,-2.059181
23.67192,12,1,1,0.2957767,1.780077,-2.058733
23.68299,12,1,1,0.2955655,1.77991,-2.059041
23.6951,12,1,1,0.2955409,1.779901,-2.05908
23.70522,12,1,1,0.295755,1.780019,-2.058839
23.71644,12,1,1,0.2953337,1.780002,-2.059356
23.72751,12,1,1,0.2952922,1.779988,-2.059391
23.73859,12,1,1,0.2954508,1.780065,-2.058945
23.74975,12,1,1,0.2951079,1.780024,-2.059389
23.76077,12,1,1,0.2950667,1.78,-2.059432
23.77193,12,1,1,0.2953978,1.780172,-2.059215
23.78342,12,1,1,0.2951909,1.779977,-2.059572
23.79424,12,1,1,0.2951458,1.779974,-2.059623
23.80513,12,1,1,0.2954155,1.780108,-2.059184
23.81637,12,1,1,0.2953092,1.779921,-2.059397
23.82741,12,1,1,0.2952803,1.77992,-2.059452
23.83852,12,1,1,0.2955068,1.780031,-2.059103
23.84966,12,1,1,0.2951733,1.779917,-2.05955
23.86073,12,1,1,0.2951435,1.779909,-2.059586
23.87256,12,1,1,0.2955056,1.780055,-2.059301
23.88295,12,1,1,0.2951647,1.779978,-2.059752
23.89466,12,1,1,0.2951356,1.77997,-2.059797
23.90517,12,1,1,0.2953793,1.780075,-2.059321
23.91648,12,1,1,0.2952832,1.779865,-2.059525
23.9274,12,1,1,0.2952815,1.779852,-2.059571
23.93865,12,1,1,0.2955547,1.779965,-2.059126
23.94964,12,1,1,0.2952357,1.779856,-2.059573
23.96065,12,1,1,0.2951549,1.779854,-2.059654
23.97177,12,1,1,0.2954038,1.780007,-2.05931
23.98291,12,1,1,0.2950793,1.779841,-2.059798
23.99462,12,1,1,0.295049,1.779834,-2.059865
24.00511,12,1,1,0.2952698,1.779934,-2.059547
24.01627,12,1,1,0.2950135,1.779778,-2.059962
24.02752,12,1,1,0.2949828,1.779758,-2.059987
24.03839,12,1,1,0.2953587,1.779893,-2.059461
24.04975,12,1,1,0.2950517,1.779758,-2.059852
24.06068,12,1,1,0.2950021,1.779731,-2.059873
24.0717,12,1,1,0.2952386,1.779834,-2.059384
24.08288,12,1,1,0.2949365,1.779714,-2.05982
24.09405,12,1,1,0.2949024,1.779701,-2.05987
24.10545,12,1,1,0.2950545,1.779793,-2.059407
24.11617,12,1,1,0.2948886,1.779657,-2.059665
24.12739,12,1,1,0.2948602,1.779624,-2.059702
24.13845,12,1,1,0.2951833,1.779789,-2.059253
24.14948,12,1,1,0.2948023,1.779723,-2.059701
24.16064,12,1,1,0.2947157,1.779718,-2.059756
24.17172,12,1,1,0.2951108,1.779877,-2.059427
24.18293,12,1,1,0.2948109,1.77975,-2.059817
24.19391,12,1,1,0.294778,1.779738,-2.059861
24.205,12,1,1,0.2950698,1.779863,-2.05923
24.21622,12,1,1,0.2947536,1.7798,-2.059628
24.22724,12,1,1,0.2947198,1.779778,-2.059614
24.23843,12,1,1,0.2951432,1.779986,-2.059271
24.24955,12,1,1,0.2948957,1.779835,-2.059604
24.26066,12,1,1,0.2949019,1.779819,-2.059613
24.27163,12,1,1,0.2953421,1.780038,-2.059135
24.28282,12,1,1,0.2951811,1.779888,-2.059413
24.29393,12,1,1,0.2951339,1.77988,-2.059474
24.30492,12,1,1,0.2954422,1.780025,-2.059002
24.3161,12,1,1,0.2953096,1.779866,-2.059275
24.32727,12,1,1,0.2952696,1.779864,-2.059321
24.33838,12,1,1,0.295713,1.780031,-2.058976
24.34944,12,1,1,0.2953254,1.779896,-2.059452
24.36062,12,1,1,0.2953435,1.779871,-2.059454
24.37157,12,1,1,0.2956859,1.780022,-2.058903
24.38272,12,1,1,0.2953258,1.779929,-2.059359
24.39448,12,1,1,0.2953297,1.779901,-2.059361
24.40503,12,1,1,0.2956935,1.780025,-2.059127
24.41721,12,1,1,0.2956017,1.779958,-2.059315
24.42715,12,1,1,0.2955998,1.779954,-2.059362
24.43857,12,1,1,0.295889,1.780077,-2.059004
24.44947,12,1,1,0.2958039,1.779861,-2.059237
24.46051,12,1,1,0.29579,1.779863,-2.059273
24.47158,12,1,1,0.2960273,1.779999,-2.058742
24.48276,12,1,1,0.2957354,1.779923,-2.059162
24.49391,12,1,1,0.2957526,1.779924,-2.059165
24.50486,12,1,1,0.2961048,1.780079,-2.058812
24.51603,12,1,1,0.2960912,1.779989,-2.058885
24.52714,12,1,1,0.296106,1.779949,-2.058889
24.5385,12,1,1,0.2963155,1.780015,-2.058576
24.54934,12,1,1,0.2959624,1.780014,-2.059036
24.56082,12,1,1,0.2959801,1.779985,-2.059016
24.57155,12,1,1,0.2962395,1.78009,-2.058661
24.58266,12,1,1,0.2961899,1.780076,-2.058743
24.59456,12,1,1,0.2961999,1.780069,-2.058751
24.60491,12,1,1,0.296425,1.780157,-2.058379
24.616,12,1,1,0.296146,1.780111,-2.05873
24.62707,12,1,1,0.2961322,1.780126,-2.058755
24.63824,12,1,1,0.2963198,1.780214,-2.058455
24.64939,12,1,1,0.2962228,1.780213,-2.058576
24.6604,12,1,1,0.2962275,1.780223,-2.058548
24.67174,12,1,1,0.2964819,1.78034,-2.05814
24.6826,12,1,1,0.2960411,1.780353,-2.058658
24.69374,12,1,1,0.2960502,1.780354,-2.058625
24.70523,12,1,1,0.2962643,1.78046,-2.058409
24.71606,12,1,1,0.2959815,1.780431,-2.058743
24.72705,12,1,1,0.2959629,1.780449,-2.058731
24.74133,12,1,1,0.2961987,1.780588,-2.058534
24.74928,12,1,1,0.2959286,1.780474,-2.058921
24.76048,12,1,1,0.2959276,1.780502,-2.058935
24.77148,12,1,1,0.2961763,1.78065,-2.058413
24.78258,12,1,1,0.2960249,1.780398,-2.058702
24.79372,12,1,1,0.2960368,1.780426,-2.058695
24.8049,12,1,1,0.2963026,1.780595,-2.058169
24.81584,12,1,1,0.2962266,1.780308,-2.058328
24.82697,12,1,1,0.2962407,1.780317,-2.058322
24.83814,12,1,1,0.2964445,1.780423,-2.057985
24.8493,12,1,1,0.2962681,1.780319,-2.058218
24.86053,12,1,1,0.2962824,1.780332,-2.058208
24.87144,12,1,1,0.2964908,1.780451,-2.057799
24.88265,12,1,1,0.2961493,1.780372,-2.058231
24.89365,12,1,1,0.2961513,1.780374,-2.058208
24.90471,12,1,1,0.2963141,1.78045,-2.057968
24.91586,12,1,1,0.2959486,1.780323,-2.058453
24.92693,12,1,1,0.2959588,1.780332,-2.058445
24.93803,12,1,1,0.2961801,1.780443,-2.058264
24.94934,12,1,1,0.2960788,1.780298,-2.058445
24.9603,12,1,1,0.2960902,1.780303,-2.058426
24.97132,12,1,1,0.296363,1.780444,-2.058145
24.98262,12,1,1,0.2960456,1.780399,-2.058544
24.99361,12,1,1,0.2960454,1.780406,-2.058521
25.00531,12,1,1,0.2962044,1.780487,-2.058388
25.0161,12,1,1,0.2959674,1.780312,-2.058769
25.02719,12,1,1,0.2959851,1.780323,-2.058781
25.03806,12,1,1,0.2961574,1.780402,-2.058684
25.04909,12,1,1,0.2958592,1.7804,-2.059016
25.06032,12,1,1,0.2958544,1.780424,-2.059016
25.07131,12,1,1,0.2960845,1.780543,-2.05854
25.08238,12,1,1,0.296033,1.780375,-2.058689
25.09358,12,1,1,0.2960564,1.780379,-2.058672
25.10467,12,1,1,0.2962736,1.780502,-2.058357
25.11583,12,1,1,0.2960983,1.780366,-2.058679
25.12729,12,1,1,0.2961307,1.780362,-2.058656
25.1382,12,1,1,0.2964564,1.780503,-2.058221
25.14908,12,1,1,0.2961636,1.780438,-2.058609
25.1603,12,1,1,0.2961756,1.780432,-2.058606
25.17131,12,1,1,0.296274,1.780492,-2.058239
25.18256,12,1,1,0.2960275,1.780341,-2.058639
25.19355,12,1,1,0.2960452,1.780356,-2.058641
25.2046,12,1,1,0.2963167,1.780468,-2.058201
25.21571,12,1,1,0.2960368,1.780377,-2.058593
25.2274,12,1,1,0.2960521,1.780377,-2.058577
25.23787,12,1,1,0.2962688,1.780498,-2.058363
25.24901,12,1,1,0.2960111,1.78033,-2.058746
25.26024,12,1,1,0.2960301,1.780346,-2.058744
25.27148,12,1,1,0.2962519,1.780444,-2.058556
25.28232,12,1,1,0.2960926,1.780253,-2.058883
25.29359,12,1,1,0.2961048,1.780253,-2.058896
25.30468,12,1,1,0.2963081,1.780349,-2.058397
25.31565,12,1,1,0.2959875,1.780302,-2.058824
25.32674,12,1,1,0.2960185,1.780307,-2.05881
25.338,12,1,1,0.2962659,1.780407,-2.058408
25.34898,12,1,1,0.296073,1.780206,-2.058724
25.36022,12,1,1,0.2960735,1.780222,-2.058727
25.37114,12,1,1,0.2962871,1.780329,-2.058433
25.38229,12,1,1,0.2961625,1.780168,-2.058649
25.39339,12,1,1,0.2961763,1.780158,-2.058641
25.40459,12,1,1,0.2963363,1.780248,-2.058257
25.41565,12,1,1,0.2959214,1.780208,-2.058771
25.42669,12,1,1,0.2959267,1.780189,-2.058758
25.43781,12,1,1,0.2961708,1.780311,-2.058572
25.44904,12,1,1,0.2957257,1.780301,-2.059059
25.46058,12,1,1,0.2957052,1.780312,-2.059075
25.47112,12,1,1,0.2959376,1.780389,-2.058544
25.48222,12,1,1,0.2956134,1.780258,-2.058978
25.49339,12,1,1,0.2955798,1.780257,-2.058987
25.50525,12,1,1,0.2958423,1.78039,-2.058844
25.51554,12,1,1,0.2956723,1.780195,-2.059132
25.52673,12,1,1,0.2956747,1.780195,-2.059111
25.53813,12,1,1,0.2959231,1.780299,-2.058794
25.54893,12,1,1,0.2957321,1.780145,-2.059096
25.56009,12,1,1,0.2957262,1.78014,-2.05909
25.57146,12,1,1,0.2959724,1.780242,-2.058764
25.58222,12,1,1,0.295704,1.780167,-2.059096
25.59343,12,1,1,0.2956897,1.780191,-2.059133
25.60535,12,1,1,0.2959927,1.78031,-2.058902
25.61562,12,1,1,0.2956799,1.780157,-2.059354
25.62665,12,1,1,0.2956773,1.780167,-2.059382
25.63837,12,1,1,0.2958268,1.780236,-2.059076
25.64895,12,1,1,0.2956308,1.780126,-2.05934
25.66037,12,1,1,0.2956296,1.780122,-2.059336
25.67111,12,1,1,0.2958365,1.780202,-2.058861
25.68217,12,1,1,0.2954312,1.780215,-2.059349
25.69354,12,1,1,0.2954143,1.780208,-2.059343
25.70453,12,1,1,0.2956866,1.780326,-2.059022
25.71562,12,1,1,0.2954374,1.780214,-2.059344
25.72665,12,1,1,0.2954191,1.780228,-2.059363
25.73771,12,1,1,0.2956878,1.780369,-2.059101
25.74882,12,1,1,0.2955862,1.780254,-2.059285
25.76001,12,1,1,0.2955686,1.780251,-2.059309
25.77147,12,1,1,0.2956947,1.780352,-2.058821
25.78244,12,1,1,0.2953461,1.780273,-2.059269
25.79317,12,1,1,0.2953065,1.780268,-2.05929
25.80484,12,1,1,0.2955986,1.78042,-2.058953
25.81546,12,1,1,0.2953127,1.780262,-2.059346
25.82653,12,1,1,0.2952882,1.780248,-2.059371
25.83765,12,1,1,0.2955624,1.780403,-2.059141
25.84883,12,1,1,0.2954994,1.780198,-2.059318
25.86011,12,1,1,0.295466,1.780175,-2.059326
25.87135,12,1,1,0.2957121,1.780276,-2.059088
25.88205,12,1,1,0.2955881,1.780071,-2.059392
25.89349,12,1,1,0.2955872,1.780044,-2.0594
25.90456,12,1,1,0.2958451,1.780082,-2.059183
25.91569,12,1,1,0.2954219,1.780038,-2.059704
25.92649,12,1,1,0.2954141,1.78002,-2.059707
25.93763,12,1,1,0.2956611,1.78012,-2.059399
25.94874,12,1,1,0.295416,1.779983,-2.059739
25.96042,12,1,1,0.2953969,1.779982,-2.059792
25.97093,12,1,1,0.2956215,1.780114,-2.059489
25.98213,12,1,1,0.2955113,1.780022,-2.05966
25.99316,12,1,1,0.2955001,1.78001,-2.059711
26.00513,12,1,1,0.2956592,1.780102,-2.059301
26.01535,12,1,1,0.2954093,1.779919,-2.059637
26.02658,12,1,1,0.2953874,1.779895,-2.05966
26.03757,12,1,1,0.2956642,1.779985,-2.059293
26.04873,12,1,1,0.2954224,1.77991,-2.059622
26.06034,12,1,1,0.2953914,1.779906,-2.059647
26.0709,12,1,1,0.2956203,1.780009,-2.059383
26.08226,12,1,1,0.2952696,1.779963,-2.059831
26.09328,12,1,1,0.2952746,1.779952,-2.059841
26.10441,12,1,1,0.2954369,1.780011,-2.059363
26.11565,12,1,1,0.2950526,1.77997,-2.059833
26.12649,12,1,1,0.2950297,1.779951,-2.059827
26.13753,12,1,1,0.2953485,1.780133,-2.059642
26.14865,12,1,1,0.2954255,1.779982,-2.059702
26.15975,12,1,1,0.2954002,1.779981,-2.059748
26.17118,12,1,1,0.2956193,1.780068,-2.059267
26.18239,12,1,1,0.2954372,1.780109,-2.059461
26.19302,12,1,1,0.2954112,1.780102,-2.059484
26.20535,12,1,1,0.2957173,1.780247,-2.059286
26.21525,12,1,1,0.2952226,1.780209,-2.059831
26.22638,12,1,1,0.2951961,1.780207,-2.059859
26.23747,12,1,1,0.2954026,1.780304,-2.059389
26.24882,12,1,1,0.2953847,1.780179,-2.059436
26.2597,12,1,1,0.2953916,1.780164,-2.059441
26.27099,12,1,1,0.2956694,1.780268,-2.059133
26.28246,12,1,1,0.2955311,1.780016,-2.059393
26.29292,12,1,1,0.2955128,1.779998,-2.0594
26.30482,12,1,1,0.2957693,1.780086,-2.059157
26.31526,12,1,1,0.2955037,1.779937,-2.059538
26.32646,12,1,1,0.2954963,1.779919,-2.059579
26.33746,12,1,1,0.295766,1.780033,-2.059171
26.34869,12,1,1,0.2954029,1.779988,-2.059657
26.35964,12,1,1,0.2953621,1.77997,-2.059688
26.37079,12,1,1,0.2956649,1.780103,-2.059294
26.38186,12,1,1,0.2952887,1.78,-2.059796
26.39297,12,1,1,0.2952753,1.780005,-2.059826
26.40454,12,1,1,0.2954808,1.780098,-2.059429
26.41536,12,1,1,0.2951714,1.779993,-2.059831
26.42657,12,1,1,0.2951497,1.779988,-2.059845
26.43752,12,1,1,0.2954379,1.780115,-2.059469
26.44855,12,1,1,0.2954927,1.779871,-2.059492
26.45968,12,1,1,0.2955087,1.779849,-2.059484
26.47083,12,1,1,0.2958208,1.779928,-2.059272
26.48186,12,1,1,0.2954436,1.779925,-2.059721
26.4935,12,1,1,0.2954336,1.779925,-2.059751
26.5041,12,1,1,0.2955795,1.780007,-2.059137
26.51515,12,1,1,0.2952348,1.779981,-2.059584
26.52619,12,1,1,0.2951969,1.779983,-2.05961
26.53747,12,1,1,0.2955004,1.780132,-2.05935
26.54847,12,1,1,0.295565,1.779999,-2.05935
26.55961,12,1,1,0.2955624,1.779978,-2.059337
26.57066,12,1,1,0.2958101,1.780094,-2.058804
26.58185,12,1,1,0.2951752,1.780185,-2.059496
26.59288,12,1,1,0.2951792,1.780189,-2.059484
26.60407,12,1,1,0.2954248,1.780367,-2.059386
26.61529,12,1,1,0.2951575,1.780224,-2.059768
26.62648,12,1,1,0.2951451,1.780223,-2.059763
26.63726,12,1,1,0.2954005,1.78035,-2.059372
26.64862,12,1,1,0.2952133,1.780203,-2.059675
26.6595,12,1,1,0.2952085,1.780202,-2.059682
26.67061,12,1,1,0.2954858,1.780339,-2.059365
26.68171,12,1,1,0.295406,1.780194,-2.059545
26.69311,12,1,1,0.2954071,1.780185,-2.059536
26.70461,12,1,1,0.295611,1.780281,-2.059212
26.71552,12,1,1,0.2955907,1.780211,-2.05924
26.72622,12,1,1,0.2955967,1.780203,-2.059223
26.73745,12,1,1,0.2959977,1.780325,-2.058946
26.7484,12,1,1,0.2957679,1.780228,-2.059268
26.75937,12,1,1,0.2957664,1.780224,-2.059263
26.7706,12,1,1,0.2959729,1.780285,-2.059032
26.7817,12,1,1,0.2957955,1.780207,-2.059318
26.79324,12,1,1,0.2958139,1.780203,-2.059296
26.80385,12,1,1,0.2959679,1.78032,-2.058717
26.81503,12,1,1,0.2954856,1.780342,-2.059299
26.82615,12,1,1,0.2954815,1.780346,-2.05929
26.83724,12,1,1,0.2957893,1.780499,-2.058915
26.84841,12,1,1,0.2956801,1.780274,-2.05915
26.85945,12,1,1,0.2956792,1.780269,-2.059139
26.87055,12,1,1,0.2959629,1.780398,-2.058792
26.88161,12,1,1,0.2956537,1.780418,-2.059161
26.89285,12,1,1,0.2956398,1.780423,-2.059139
26.90385,12,1,1,0.2959333,1.780552,-2.058731
26.91527,12,1,1,0.2957331,1.780424,-2.059013
26.92606,12,1,1,0.2957467,1.780415,-2.05899
26.9374,12,1,1,0.2960099,1.780528,-2.058887
26.9485,12,1,1,0.2958208,1.780344,-2.05921
26.95938,12,1,1,0.2958337,1.780334,-2.059202
26.9707,12,1,1,0.2960623,1.780448,-2.058666
26.98168,12,1,1,0.2955314,1.7804,-2.059294
26.99261,12,1,1,0.2955345,1.780398,-2.059286
27.00693,12,1,1,0.2957676,1.780507,-2.05901
27.01497,12,1,1,0.2955271,1.780413,-2.059331
27.02593,12,1,1,0.2955309,1.78041,-2.059326
27.03712,12,1,1,0.2957054,1.780485,-2.059032
27.04843,12,1,1,0.2955807,1.780301,-2.059235
27.05943,12,1,1,0.2955829,1.780289,-2.059229
27.07039,12,1,1,0.2958239,1.78037,-2.059085
27.08154,12,1,1,0.2956248,1.780276,-2.059364
27.09262,12,1,1,0.2956198,1.78026,-2.059369
27.10374,12,1,1,0.2959076,1.780374,-2.059038
27.11521,12,1,1,0.2955073,1.780296,-2.059534
27.12596,12,1,1,0.2955075,1.780303,-2.059546
27.13753,12,1,1,0.295832,1.780448,-2.059052
27.14825,12,1,1,0.2954307,1.780422,-2.059543
27.15931,12,1,1,0.2954131,1.78042,-2.059549
27.17055,12,1,1,0.2955535,1.780486,-2.059247
27.18154,12,1,1,0.2953945,1.780251,-2.059509
27.19259,12,1,1,0.2953926,1.780248,-2.059516
27.20382,12,1,1,0.2956763,1.780354,-2.059208
27.21533,12,1,1,0.2954641,1.780198,-2.059531
27.22627,12,1,1,0.2954594,1.780191,-2.059532
27.23716,12,1,1,0.295754,1.780312,-2.059164
27.24817,12,1,1,0.2955833,1.780218,-2.059424
27.25938,12,1,1,0.2955938,1.780209,-2.059427
27.27034,12,1,1,0.2958921,1.780321,-2.059251
27.28157,12,1,1,0.295698,1.780326,-2.059479
27.29254,12,1,1,0.2957078,1.780319,-2.059509
27.30369,12,1,1,0.2958907,1.780411,-2.0593
27.31485,12,1,1,0.2955557,1.780333,-2.059718
27.32597,12,1,1,0.2955631,1.780333,-2.059741
27.3383,12,1,1,0.2957405,1.780416,-2.05911
27.34807,12,1,1,0.2954665,1.780243,-2.059498
27.35931,12,1,1,0.2954467,1.780234,-2.059518
27.37039,12,1,1,0.2957359,1.780356,-2.059155
27.38139,12,1,1,0.2953745,1.780321,-2.059599
27.39251,12,1,1,0.2953669,1.780332,-2.059632
27.40367,12,1,1,0.2955075,1.780393,-2.059168
27.41507,12,1,1,0.2955101,1.780115,-2.05918
27.42599,12,1,1,0.2955187,1.780089,-2.059172
27.43701,12,1,1,0.2956818,1.780196,-2.058784
27.44832,12,1,1,0.2953134,1.780182,-2.059264
27.45928,12,1,1,0.2952891,1.780179,-2.059265
27.47046,12,1,1,0.2955323,1.78028,-2.058947
27.48148,12,1,1,0.2954136,1.780239,-2.05907
27.49248,12,1,1,0.2953874,1.780239,-2.059088
27.5037,12,1,1,0.295543,1.780328,-2.058774
27.51506,12,1,1,0.2951451,1.780266,-2.059252
27.52587,12,1,1,0.2951146,1.780258,-2.059247
27.53725,12,1,1,0.2952703,1.780341,-2.058967
27.54803,12,1,1,0.2953337,1.780169,-2.058945
27.55917,12,1,1,0.295308,1.780154,-2.058936
27.57047,12,1,1,0.2956143,1.780257,-2.058931
27.58135,12,1,1,0.2953607,1.780135,-2.059297
27.59249,12,1,1,0.2953459,1.78012,-2.059296
27.60369,12,1,1,0.2955996,1.780192,-2.059216
27.61475,12,1,1,0.2954322,1.78009,-2.059491
27.62611,12,1,1,0.2954179,1.780081,-2.059502
27.63697,12,1,1,0.2956713,1.780187,-2.059325
27.64818,12,1,1,0.2952803,1.780113,-2.059762
27.65907,12,1,1,0.2952648,1.78012,-2.059788
27.67028,12,1,1,0.2954508,1.780217,-2.05953
27.6815,12,1,1,0.2955373,1.780023,-2.059573
27.69249,12,1,1,0.2955566,1.780005,-2.059567
27.7035,12,1,1,0.295797,1.780112,-2.059152
27.71469,12,1,1,0.2957171,1.780111,-2.059274
27.72586,12,1,1,0.2957245,1.780098,-2.059259
27.73733,12,1,1,0.2958222,1.78016,-2.058951
27.74799,12,1,1,0.2954415,1.780131,-2.059402
27.75903,12,1,1,0.2954465,1.780139,-2.059397
27.77043,12,1,1,0.2956754,1.780261,-2.059182
27.78142,12,1,1,0.2954346,1.780192,-2.059513
27.79242,12,1,1,0.2954269,1.780202,-2.059519
27.80353,12,1,1,0.2956153,1.780293,-2.059244
27.81468,12,1,1,0.2952498,1.780257,-2.05969
27.82581,12,1,1,0.2952462,1.780275,-2.059681
27.8369,12,1,1,0.2954317,1.780347,-2.059231
27.84785,12,1,1,0.2951742,1.780172,-2.059578
27.85906,12,1,1,0.2951718,1.780179,-2.059574
27.87016,12,1,1,0.2952994,1.780263,-2.059168
27.88127,12,1,1,0.2953442,1.780155,-2.059102
27.8925,12,1,1,0.2953299,1.780138,-2.059075
27.90343,12,1,1,0.2955945,1.78023,-2.058848
27.91461,12,1,1,0.2951523,1.780201,-2.059381
27.92561,12,1,1,0.2951268,1.780219,-2.05937
27.93675,12,1,1,0.2954338,1.780384,-2.059055
27.94788,12,1,1,0.2951549,1.780245,-2.059441
27.95898,12,1,1,0.2951365,1.780264,-2.059428
27.97048,12,1,1,0.2953483,1.780375,-2.059145
27.98148,12,1,1,0.2951547,1.78029,-2.059437
27.99231,12,1,1,0.295147,1.780307,-2.059419
28.00344,12,1,1,0.2954024,1.780436,-2.05914
28.01451,12,1,1,0.2954076,1.780238,-2.05927
28.02563,12,1,1,0.2954167,1.780246,-2.059245
28.03674,12,1,1,0.2956625,1.780346,-2.059019
28.04784,12,1,1,0.2954544,1.780193,-2.059344
28.05896,12,1,1,0.2954811,1.780192,-2.059322
28.07003,12,1,1,0.2957216,1.780298,-2.058985
28.08108,12,1,1,0.2957667,1.780238,-2.058976
28.09234,12,1,1,0.295797,1.780237,-2.058961
28.10355,12,1,1,0.2960449,1.780336,-2.058591
28.11463,12,1,1,0.2960807,1.780233,-2.058626
28.12553,12,1,1,0.2961188,1.780221,-2.058602
28.13681,12,1,1,0.2963413,1.780302,-2.058415
28.14783,12,1,1,0.2961489,1.780232,-2.058704
28.15882,12,1,1,0.296187,1.780233,-2.058685
28.17024,12,1,1,0.2963367,1.780293,-2.058275
28.18111,12,1,1,0.2959937,1.780198,-2.05871
28.19217,12,1,1,0.2960401,1.780204,-2.058683
28.20328,12,1,1,0.2962514,1.780283,-2.058266
28.2146,12,1,1,0.295997,1.780202,-2.058593
28.22564,12,1,1,0.296023,1.780204,-2.058555
28.23669,12,1,1,0.2961369,1.780242,-2.058221
28.24819,12,1,1,0.2960273,1.780344,-2.058315
28.2589,12,1,1,0.2960521,1.780342,-2.058286
28.26986,12,1,1,0.2962831,1.780489,-2.058207
28.28155,12,1,1,0.2962762,1.780402,-2.058272
28.29218,12,1,1,0.2962972,1.780407,-2.05825
28.30325,12,1,1,0.2964517,1.780478,-2.058086
28.31438,12,1,1,0.2963305,1.780497,-2.058214
28.32547,12,1,1,0.2963472,1.7805,-2.058186
28.33659,12,1,1,0.2965349,1.780593,-2.058057
28.34763,12,1,1,0.2963136,1.780464,-2.058384
28.35928,12,1,1,0.2963351,1.780476,-2.05837
28.36989,12,1,1,0.2964695,1.78054,-2.058303
28.38108,12,1,1,0.2960518,1.780584,-2.058766
28.39205,12,1,1,0.2960449,1.780592,-2.058775
28.40337,12,1,1,0.2962805,1.780706,-2.058337
28.41461,12,1,1,0.2960549,1.780566,-2.058681
28.42541,12,1,1,0.2960638,1.780591,-2.058702
28.4367,12,1,1,0.2962151,1.780681,-2.058478
28.44782,12,1,1,0.2959588,1.780539,-2.058832
28.45886,12,1,1,0.2959686,1.78054,-2.058824
28.46985,12,1,1,0.2961927,1.780651,-2.058556
28.48107,12,1,1,0.2960654,1.78039,-2.058828
28.49247,12,1,1,0.2960728,1.780391,-2.058814
28.50325,12,1,1,0.2962523,1.780519,-2.058362
28.51456,12,1,1,0.2960566,1.780338,-2.058663
28.52539,12,1,1,0.2960614,1.780327,-2.058667
28.53651,12,1,1,0.296291,1.780449,-2.058341
28.54757,12,1,1,0.2959805,1.780403,-2.058763
28.55867,12,1,1,0.2959758,1.78042,-2.058755
28.56986,12,1,1,0.2961732,1.780532,-2.058616
28.5809,12,1,1,0.2959317,1.780371,-2.058985
28.59226,12,1,1,0.2959381,1.780392,-2.058994
28.60319,12,1,1,0.2960511,1.780454,-2.058796
28.61462,12,1,1,0.2958573,1.78046,-2.059038
28.62533,12,1,1,0.2958632,1.780464,-2.059036
28.63653,12,1,1,0.2960986,1.780564,-2.058605
28.64761,12,1,1,0.2957929,1.780503,-2.059005
28.6586,12,1,1,0.2957755,1.780512,-2.058976
28.66978,12,1,1,0.2959093,1.7806,-2.058532
28.6812,12,1,1,0.2955495,1.780533,-2.058987
28.69196,12,1,1,0.2955244,1.780549,-2.058995
28.70317,12,1,1,0.2957946,1.780724,-2.058939
28.71441,12,1,1,0.295621,1.780601,-2.059246
28.72535,12,1,1,0.2956117,1.780609,-2.059271
28.73656,12,1,1,0.295796,1.78072,-2.059122
28.74747,12,1,1,0.2956105,1.780536,-2.059476
28.75873,12,1,1,0.2956093,1.780537,-2.059464
28.76982,12,1,1,0.2958048,1.780648,-2.059139
28.78083,12,1,1,0.2955938,1.780456,-2.059497
28.79229,12,1,1,0.2956055,1.780459,-2.059505
28.80299,12,1,1,0.295807,1.780567,-2.058991
28.81534,12,1,1,0.2954369,1.780472,-2.059455
28.8252,12,1,1,0.2954088,1.780487,-2.059453
28.83648,12,1,1,0.2956553,1.780622,-2.059254
28.84748,12,1,1,0.2956038,1.780534,-2.059383
28.85852,12,1,1,0.2956162,1.78055,-2.05939
28.86968,12,1,1,0.2957138,1.780632,-2.059031
28.88123,12,1,1,0.2953533,1.78054,-2.059492
28.89216,12,1,1,0.2953657,1.780567,-2.059483
28.90294,12,1,1,0.2956804,1.780698,-2.059131
28.91471,12,1,1,0.2955826,1.780557,-2.059311
28.92523,12,1,1,0.2955674,1.780576,-2.059286
28.9363,12,1,1,0.2957784,1.780676,-2.058925
28.94743,12,1,1,0.2954465,1.780556,-2.059378
28.95861,12,1,1,0.2954467,1.780583,-2.05937
28.96976,12,1,1,0.2956518,1.780686,-2.059165
28.98073,12,1,1,0.2954746,1.780431,-2.059462
28.99183,12,1,1,0.2955099,1.780459,-2.05945
29.00299,12,1,1,0.295749,1.780566,-2.059124
29.01458,12,1,1,0.2957812,1.780383,-2.059124
29.02515,12,1,1,0.2958146,1.780399,-2.059082
29.03629,12,1,1,0.2960494,1.780498,-2.058726
29.04759,12,1,1,0.2957388,1.780405,-2.059131
29.05855,12,1,1,0.295765,1.780393,-2.059113
29.06966,12,1,1,0.2959939,1.780495,-2.058733
29.08071,12,1,1,0.2957264,1.780315,-2.059105
29.09178,12,1,1,0.2957343,1.780299,-2.059079
29.10289,12,1,1,0.2960137,1.780392,-2.058949
29.11403,12,1,1,0.2957221,1.780298,-2.059334
29.12609,12,1,1,0.2957481,1.780282,-2.059305
29.13625,12,1,1,0.2959569,1.780378,-2.059179
29.14738,12,1,1,0.2957292,1.780248,-2.05955
29.1584,12,1,1,0.2957622,1.780277,-2.059552
29.16952,12,1,1,0.29595,1.780327,-2.059333
29.18067,12,1,1,0.2956682,1.780288,-2.05972
29.19177,12,1,1,0.2956584,1.780301,-2.059715
29.20334,12,1,1,0.2959035,1.780422,-2.059261
29.21512,12,1,1,0.2957519,1.780411,-2.05946
29.22524,12,1,1,0.2957927,1.780426,-2.059458
29.23647,12,1,1,0.2958623,1.780482,-2.059126
29.24722,12,1,1,0.2956606,1.780327,-2.059418
29.25842,12,1,1,0.2956856,1.78031,-2.059378
29.26954,12,1,1,0.2959329,1.780401,-2.059156
29.2837,12,1,1,0.2957087,1.780281,-2.059473
29.2949,12,1,1,0.295709,1.780297,-2.059478
29.30276,12,1,1,0.2959684,1.780395,-2.059069
29.31385,12,1,1,0.2955147,1.780421,-2.059641
29.32507,12,1,1,0.2954892,1.780442,-2.059661
29.33615,12,1,1,0.2956367,1.780476,-2.059081
29.34756,12,1,1,0.2954017,1.780407,-2.059387
29.35833,12,1,1,0.2954133,1.780419,-2.059354
29.36952,12,1,1,0.2956348,1.780557,-2.059083
29.3807,12,1,1,0.2955652,1.780396,-2.059221
29.39166,12,1,1,0.2955898,1.780389,-2.059188
29.40276,12,1,1,0.2958363,1.780499,-2.058767
29.41388,12,1,1,0.2957161,1.780288,-2.058977
29.42499,12,1,1,0.2956949,1.78029,-2.05895
29.43613,12,1,1,0.2959593,1.780394,-2.05861
29.44726,12,1,1,0.2958129,1.780348,-2.058788
29.45827,12,1,1,0.2958106,1.780361,-2.058771
29.46946,12,1,1,0.295945,1.780437,-2.058528
29.48051,12,1,1,0.2959705,1.780311,-2.058547
29.49165,12,1,1,0.2960003,1.780294,-2.058507
29.5028,12,1,1,0.2962376,1.7804,-2.058274
29.51383,12,1,1,0.2958024,1.780393,-2.058774
29.52486,12,1,1,0.2958201,1.780401,-2.05875
29.53611,12,1,1,0.2960897,1.780534,-2.058757
29.54741,12,1,1,0.2957931,1.780483,-2.059116
29.55836,12,1,1,0.2958179,1.780499,-2.05912
29.56948,12,1,1,0.2960015,1.780581,-2.058811
29.58058,12,1,1,0.2957762,1.780487,-2.059133
29.59159,12,1,1,0.295791,1.780508,-2.059129
29.6027,12,1,1,0.2959567,1.780599,-2.059074
29.6138,12,1,1,0.2959214,1.780538,-2.059175
29.62518,12,1,1,0.2959259,1.780541,-2.059186
29.63598,12,1,1,0.2960916,1.780617,-2.058926
29.64715,12,1,1,0.29595,1.78051,-2.05922
29.65839,12,1,1,0.2959503,1.780523,-2.059226
29.6694,12,1,1,0.2961527,1.780617,-2.0588
29.68041,12,1,1,0.2958599,1.780468,-2.059219
29.69154,12,1,1,0.2958809,1.780483,-2.059217
29.70325,12,1,1,0.2960623,1.780571,-2.058906
29.71371,12,1,1,0.2956897,1.780523,-2.059397
29.72533,12,1,1,0.2957166,1.780534,-2.059403
29.73605,12,1,1,0.2959214,1.780617,-2.058939
29.74714,12,1,1,0.2955762,1.780509,-2.059422
29.75824,12,1,1,0.2955891,1.780516,-2.059436
29.76934,12,1,1,0.295781,1.78061,-2.059078
29.78046,12,1,1,0.295653,1.78026,-2.059313
29.79148,12,1,1,0.2956549,1.780263,-2.059299
29.8027,12,1,1,0.2958406,1.780365,-2.058949
29.81368,12,1,1,0.2955976,1.780205,-2.059295
29.82477,12,1,1,0.295616,1.780206,-2.059277
29.83603,12,1,1,0.2958303,1.780293,-2.058945
29.84707,12,1,1,0.2956592,1.780316,-2.059122
29.8582,12,1,1,0.2956663,1.780313,-2.05909
29.86935,12,1,1,0.2958632,1.780388,-2.058949
29.88053,12,1,1,0.2959741,1.780278,-2.05888
29.89141,12,1,1,0.295987,1.780264,-2.058851
29.90252,12,1,1,0.2961102,1.780314,-2.058532
29.91365,12,1,1,0.2956086,1.780297,-2.059105
29.92476,12,1,1,0.2956329,1.780283,-2.05906
29.93592,12,1,1,0.2958194,1.780355,-2.058715
29.94706,12,1,1,0.2957383,1.780317,-2.058802
29.95803,12,1,1,0.2957765,1.780305,-2.058767
29.96917,12,1,1,0.2960494,1.780419,-2.058558
29.98032,12,1,1,0.2959698,1.780426,-2.058651
29.99133,12,1,1,0.295977,1.780438,-2.058613
30.00268,12,1,1,0.2961908,1.780531,-2.058361
30.0136,12,1,1,0.2960096,1.780527,-2.058555
30.02466,12,1,1,0.2960237,1.780524,-2.058519
30.03591,12,1,1,0.2961372,1.78058,-2.058246
30.04695,12,1,1,0.2960261,1.780404,-2.058439
30.05809,12,1,1,0.2960459,1.780405,-2.058398
30.06915,12,1,1,0.2963139,1.780512,-2.058073
30.08032,12,1,1,0.2961269,1.780432,-2.058319
30.0914,12,1,1,0.2961436,1.780432,-2.058273
30.10246,12,1,1,0.2964087,1.780534,-2.058124
30.11359,12,1,1,0.2960192,1.780449,-2.05859
30.12468,12,1,1,0.2960323,1.780462,-2.058557
30.13586,12,1,1,0.2962523,1.780538,-2.058263
30.14687,12,1,1,0.2959982,1.78038,-2.058629
30.15802,12,1,1,0.296013,1.780379,-2.058597
30.1692,12,1,1,0.2961641,1.780435,-2.058543
30.18019,12,1,1,0.2958399,1.7803,-2.058994
30.19134,12,1,1,0.2958501,1.780292,-2.058975
30.20254,12,1,1,0.2960702,1.780377,-2.05848
30.21355,12,1,1,0.295708,1.780353,-2.058912
30.22462,12,1,1,0.2957262,1.780355,-2.058894
30.2358,12,1,1,0.2959419,1.780458,-2.058636
30.24683,12,1,1,0.2958902,1.7804,-2.058701
30.25791,12,1,1,0.2959004,1.780401,-2.058673
30.26904,12,1,1,0.296147,1.780501,-2.058526
30.28025,12,1,1,0.29596,1.780325,-2.05885
30.29129,12,1,1,0.2959617,1.780322,-2.058833
30.30244,12,1,1,0.2961927,1.7804,-2.058593
30.31363,12,1,1,0.2960277,1.780372,-2.058756
30.32459,12,1,1,0.296043,1.780371,-2.058741
30.33574,12,1,1,0.2962502,1.780453,-2.058465
30.34675,12,1,1,0.2959789,1.780359,-2.058832
30.35785,12,1,1,0.2960056,1.78035,-2.058824
30.36903,12,1,1,0.2962302,1.78044,-2.058552
30.38125,12,1,1,0.2958635,1.780335,-2.059026
30.39121,12,1,1,0.2958666,1.780323,-2.059012
30.40234,12,1,1,0.2960411,1.780403,-2.058774
30.41346,12,1,1,0.2957874,1.780339,-2.059097
30.42451,12,1,1,0.2958003,1.780338,-2.059088
30.4357,12,1,1,0.2959982,1.780413,-2.058709
30.44693,12,1,1,0.2957951,1.780377,-2.05899
30.45798,12,1,1,0.2958053,1.780379,-2.058979
30.46913,12,1,1,0.2960206,1.780478,-2.058852
30.48017,12,1,1,0.2957729,1.780307,-2.059234
30.4912,12,1,1,0.295786,1.7803,-2.059228
30.50234,12,1,1,0.2958854,1.780338,-2.058953
30.51344,12,1,1,0.2958227,1.780314,-2.05904
30.52458,12,1,1,0.2958294,1.780298,-2.05903
30.53568,12,1,1,0.2960635,1.780393,-2.058825
30.54673,12,1,1,0.295878,1.780246,-2.059138
30.5578,12,1,1,0.2958828,1.780227,-2.059136
30.56888,12,1,1,0.2960037,1.780292,-2.058744
30.58019,12,1,1,0.2957736,1.780201,-2.059054
30.59128,12,1,1,0.2957624,1.780183,-2.059038
30.60235,12,1,1,0.295992,1.780283,-2.058771
30.61337,12,1,1,0.2958704,1.780282,-2.05889
30.62453,12,1,1,0.2958747,1.780266,-2.058883
30.63582,12,1,1,0.2961226,1.780353,-2.05876
30.64674,12,1,1,0.2955974,1.780339,-2.059326
30.6578,12,1,1,0.2955762,1.78035,-2.059345
30.66902,12,1,1,0.2957605,1.780449,-2.059177
30.68015,12,1,1,0.2954489,1.780366,-2.059572
30.69131,12,1,1,0.2954305,1.780369,-2.059597
30.70236,12,1,1,0.2956382,1.780447,-2.059101
30.71334,12,1,1,0.2953545,1.780394,-2.059502
30.7245,12,1,1,0.2953335,1.780399,-2.059511
30.73562,12,1,1,0.2956458,1.780563,-2.059167
30.74665,12,1,1,0.2956136,1.780418,-2.059247
30.75772,12,1,1,0.2956198,1.780428,-2.059261
30.76886,12,1,1,0.2957436,1.780504,-2.059009
30.78016,12,1,1,0.2954689,1.780379,-2.059384
30.79107,12,1,1,0.2954546,1.780372,-2.059404
30.80225,12,1,1,0.295698,1.780473,-2.059186
30.81326,12,1,1,0.2953955,1.780336,-2.059622
30.82453,12,1,1,0.2953778,1.780328,-2.059644
30.83567,12,1,1,0.2955895,1.780429,-2.059164
30.84665,12,1,1,0.2953633,1.780262,-2.059495
30.85773,12,1,1,0.2953525,1.780255,-2.059507
30.8688,12,1,1,0.2956215,1.780342,-2.059331
30.88025,12,1,1,0.2953971,1.780179,-2.059675
30.89105,12,1,1,0.2954026,1.780164,-2.059675
30.90247,12,1,1,0.2956706,1.780284,-2.059324
30.91344,12,1,1,0.2955507,1.780299,-2.05946
30.92511,12,1,1,0.2955774,1.780288,-2.059459
30.93555,12,1,1,0.2956809,1.780374,-2.058992
30.94659,12,1,1,0.2954241,1.780237,-2.059329
30.95758,12,1,1,0.2954279,1.780243,-2.059328
30.96876,12,1,1,0.2957464,1.78037,-2.059004
30.97993,12,1,1,0.2954327,1.780266,-2.059415
30.99088,12,1,1,0.2954286,1.780273,-2.059422
31.00213,12,1,1,0.2956692,1.780377,-2.059341
31.01324,12,1,1,0.2954217,1.780233,-2.059702
31.02441,12,1,1,0.2954346,1.780228,-2.059712
31.03546,12,1,1,0.2956994,1.780366,-2.059427
31.04649,12,1,1,0.2956403,1.780271,-2.059542
31.05763,12,1,1,0.2956527,1.780282,-2.059565
31.0687,12,1,1,0.2958528,1.780371,-2.05915
31.07983,12,1,1,0.2956129,1.780263,-2.059486
31.09147,12,1,1,0.295611,1.780259,-2.059484
31.10202,12,1,1,0.2958301,1.780354,-2.059134
31.11313,12,1,1,0.2955523,1.780293,-2.059505
31.12426,12,1,1,0.2955531,1.78029,-2.059515
31.13551,12,1,1,0.2956861,1.780335,-2.059058
31.1465,12,1,1,0.2955671,1.780305,-2.059202
31.15753,12,1,1,0.2955419,1.780307,-2.059196
31.16869,12,1,1,0.2958132,1.780409,-2.059012
31.17979,12,1,1,0.2955633,1.780269,-2.059346
31.19083,12,1,1,0.2955705,1.780272,-2.059339
31.20201,12,1,1,0.2958828,1.78039,-2.059063
31.21312,12,1,1,0.2957188,1.780252,-2.059352
31.22475,12,1,1,0.2957118,1.780246,-2.059349
31.23528,12,1,1,0.2958866,1.780311,-2.059065
31.24657,12,1,1,0.2955326,1.780285,-2.059489
31.25746,12,1,1,0.2955228,1.780288,-2.059488
31.26862,12,1,1,0.2956642,1.780341,-2.059264
31.27975,12,1,1,0.2953225,1.780277,-2.059691
31.29094,12,1,1,0.2952896,1.780275,-2.059696
31.30222,12,1,1,0.2955357,1.78038,-2.059246
31.31298,12,1,1,0.2955118,1.780174,-2.05932
31.32453,12,1,1,0.2955028,1.780166,-2.059323
31.33537,12,1,1,0.2957159,1.780246,-2.059015
31.34641,12,1,1,0.2953695,1.780223,-2.059457
31.35745,12,1,1,0.2953552,1.780216,-2.05945
31.36856,12,1,1,0.2956539,1.78035,-2.05913
31.37968,12,1,1,0.2954653,1.780247,-2.059382
31.39084,12,1,1,0.2954632,1.780244,-2.059388
31.40248,12,1,1,0.2957636,1.780372,-2.059138
31.41302,12,1,1,0.2956253,1.780188,-2.059387
31.42424,12,1,1,0.2956255,1.780172,-2.059388
31.43527,12,1,1,0.2958079,1.780256,-2.059266
31.44638,12,1,1,0.2953812,1.780221,-2.05975
31.45738,12,1,1,0.29537,1.780221,-2.059769
31.46848,12,1,1,0.2956217,1.780348,-2.059429
31.47972,12,1,1,0.2954374,1.780206,-2.059695
31.49076,12,1,1,0.2954541,1.780211,-2.059724
31.50195,12,1,1,0.2957104,1.78032,-2.059429
31.51296,12,1,1,0.2954594,1.780211,-2.059792
31.52507,12,1,1,0.2954522,1.780211,-2.059799
31.5352,12,1,1,0.2956742,1.780319,-2.059237
31.54633,12,1,1,0.2954298,1.780164,-2.05959
31.55745,12,1,1,0.2954265,1.780155,-2.059582
31.56847,12,1,1,0.2956119,1.780239,-2.059275
31.57953,12,1,1,0.295446,1.780152,-2.059524
31.59393,12,1,1,0.2954384,1.780163,-2.05953
31.60183,12,1,1,0.2955857,1.780226,-2.059094
31.61282,12,1,1,0.2951046,1.780234,-2.059687
31.62398,12,1,1,0.2950936,1.780235,-2.05969
31.63556,12,1,1,0.2953981,1.780414,-2.059556
31.64628,12,1,1,0.2953063,1.780155,-2.059857
31.65746,12,1,1,0.2953168,1.780137,-2.059854
31.66853,12,1,1,0.2955252,1.780222,-2.05935
31.67962,12,1,1,0.2951251,1.78012,-2.059841
31.6907,12,1,1,0.2951184,1.780101,-2.05983
31.70178,12,1,1,0.295389,1.780225,-2.059665
31.71296,12,1,1,0.2951084,1.780136,-2.060032
31.72397,12,1,1,0.2950984,1.780131,-2.060035
31.73541,12,1,1,0.2952872,1.780219,-2.059406
31.74616,12,1,1,0.2952319,1.780183,-2.059473
31.75747,12,1,1,0.2952183,1.780179,-2.059468
31.76831,12,1,1,0.2956696,1.780316,-2.059285
31.77945,12,1,1,0.2956639,1.780223,-2.059361
31.79061,12,1,1,0.2956596,1.780225,-2.059374
31.80167,12,1,1,0.2958806,1.780332,-2.05898
31.81276,12,1,1,0.2954539,1.780264,-2.059508
31.82454,12,1,1,0.2954627,1.780265,-2.059515
31.83504,12,1,1,0.2957269,1.780369,-2.059227
31.8461,12,1,1,0.2953683,1.780234,-2.059698
31.85721,12,1,1,0.2953735,1.78023,-2.059708
31.86845,12,1,1,0.2957006,1.780369,-2.059392
31.87939,12,1,1,0.295688,1.78032,-2.059462
31.8905,12,1,1,0.2957021,1.780329,-2.059485
31.90168,12,1,1,0.2959042,1.780419,-2.058959
31.91275,12,1,1,0.2958444,1.780369,-2.059064
31.92379,12,1,1,0.2958458,1.78037,-2.059059
31.93499,12,1,1,0.2959133,1.780401,-2.058785
31.94618,12,1,1,0.2956325,1.780381,-2.059151
31.95727,12,1,1,0.2956387,1.78039,-2.059147
31.96828,12,1,1,0.2959028,1.780503,-2.05883
31.9794,12,1,1,0.2954796,1.78055,-2.059336
31.99056,12,1,1,0.2954937,1.780548,-2.059334
32.00165,12,1,1,0.2957405,1.780738,-2.059359
32.01276,12,1,1,0.2953444,1.78063,-2.059849
32.02395,12,1,1,0.2953373,1.780637,-2.059866
32.03501,12,1,1,0.2955819,1.780732,-2.059345
32.0461,12,1,1,0.2953134,1.780599,-2.059726
32.05717,12,1,1,0.2953134,1.780606,-2.059744
32.0683,12,1,1,0.295555,1.780744,-2.059572
32.07937,12,1,1,0.2954427,1.780512,-2.059843
32.09049,12,1,1,0.2954589,1.780541,-2.059853
32.10162,12,1,1,0.2956553,1.780639,-2.059607
32.11282,12,1,1,0.2953745,1.780511,-2.060014
32.12371,12,1,1,0.2953778,1.78052,-2.06003
32.13493,12,1,1,0.2956057,1.780645,-2.059539
32.14604,12,1,1,0.2953263,1.780557,-2.05993
32.15703,12,1,1,0.2953149,1.780562,-2.059957
32.16824,12,1,1,0.295503,1.780655,-2.059547
32.17952,12,1,1,0.2952302,1.780488,-2.059936
32.19048,12,1,1,0.29522,1.780496,-2.05995
32.20152,12,1,1,0.2954842,1.780623,-2.059581
32.21264,12,1,1,0.2953549,1.780392,-2.059824
32.22378,12,1,1,0.2953611,1.780382,-2.059822
32.23486,12,1,1,0.2956501,1.780472,-2.059541
32.24609,12,1,1,0.2957462,1.780298,-2.059495
32.25706,12,1,1,0.2957631,1.780304,-2.059495
32.26825,12,1,1,0.2959944,1.780391,-2.059238
32.27931,12,1,1,0.2956844,1.780243,-2.059679
32.29041,12,1,1,0.2957161,1.780241,-2.059681
32.30151,12,1,1,0.2958983,1.780387,-2.059038
32.31256,12,1,1,0.295632,1.780338,-2.059405
32.32361,12,1,1,0.2956456,1.780324,-2.05938
32.33491,12,1,1,0.295843,1.780416,-2.059077
32.3459,12,1,1,0.2953859,1.780428,-2.059615
32.35696,12,1,1,0.2953754,1.780439,-2.059618
32.36815,12,1,1,0.295642,1.78056,-2.059195
32.37932,12,1,1,0.2952619,1.780563,-2.059651
32.39027,12,1,1,0.2952522,1.780573,-2.059659
32.40144,12,1,1,0.2955492,1.78078,-2.059559
32.41256,12,1,1,0.2954975,1.780729,-2.059693
32.4237,12,1,1,0.2954999,1.780733,-2.059695
32.43478,12,1,1,0.2957104,1.780833,-2.05923
32.44596,12,1,1,0.2954381,1.780737,-2.059606
32.45696,12,1,1,0.2954386,1.780751,-2.059601
32.46832,12,1,1,0.295693,1.780904,-2.059289
32.47937,12,1,1,0.2954629,1.780784,-2.059632
32.49054,12,1,1,0.2954565,1.780789,-2.059628
32.50149,12,1,1,0.2956127,1.780895,-2.059143
32.51252,12,1,1,0.2955185,1.780707,-2.059297
32.52362,12,1,1,0.2955194,1.780712,-2.059281
32.53486,12,1,1,0.2957245,1.780828,-2.058867
32.54588,12,1,1,0.2955714,1.780562,-2.059067
32.55706,12,1,1,0.295585,1.780563,-2.059044
32.56807,12,1,1,0.2959541,1.78062,-2.058889
32.58014,12,1,1,0.2957269,1.780418,-2.05921
32.59025,12,1,1,0.2957509,1.780415,-2.059185
32.60139,12,1,1,0.2959605,1.780443,-2.05903
32.61248,12,1,1,0.2957567,1.780368,-2.05934
32.62343,12,1,1,0.295785,1.780362,-2.059322
32.63477,12,1,1,0.2958773,1.780467,-2.058935
32.6459,12,1,1,0.29561,1.780359,-2.059306
32.65704,12,1,1,0.295622,1.780355,-2.059302
32.668,12,1,1,0.2957974,1.780413,-2.058995
32.67923,12,1,1,0.2954505,1.780398,-2.059418
32.69033,12,1,1,0.2954524,1.780412,-2.05942
32.7013,12,1,1,0.2957083,1.780555,-2.059217
32.71247,12,1,1,0.2954017,1.7805,-2.059585
32.72358,12,1,1,0.2954083,1.780507,-2.059587
32.73472,12,1,1,0.2956739,1.780658,-2.059383
32.74578,12,1,1,0.2953046,1.780548,-2.059853
32.757,12,1,1,0.2952991,1.780566,-2.059864
32.76796,12,1,1,0.2955204,1.780616,-2.059236
32.77907,12,1,1,0.2954052,1.78033,-2.05945
32.79017,12,1,1,0.2954071,1.78033,-2.059449
32.80141,12,1,1,0.2957288,1.780442,-2.059201
32.81243,12,1,1,0.295559,1.780411,-2.059446
32.82344,12,1,1,0.2955576,1.78042,-2.059447
32.83475,12,1,1,0.2958132,1.780527,-2.059162
32.84572,12,1,1,0.2959174,1.780377,-2.059125
32.85679,12,1,1,0.2959467,1.780377,-2.059124
32.86798,12,1,1,0.2960888,1.780486,-2.058743
32.87912,12,1,1,0.2958797,1.780369,-2.059055
32.89009,12,1,1,0.2958981,1.780375,-2.059039
32.90121,12,1,1,0.2961598,1.780484,-2.058574
32.91236,12,1,1,0.2959901,1.780527,-2.058745
32.92342,12,1,1,0.2959929,1.780537,-2.058722
32.93455,12,1,1,0.2961472,1.780612,-2.058419
32.94569,12,1,1,0.2961307,1.780532,-2.058469
32.95687,12,1,1,0.2961551,1.780542,-2.058451
32.96786,12,1,1,0.2963329,1.780615,-2.058161
32.979,12,1,1,0.295986,1.780624,-2.058585
32.99007,12,1,1,0.2959982,1.780635,-2.058555
33.00125,12,1,1,0.2962182,1.780775,-2.058517
33.0123,12,1,1,0.296037,1.780649,-2.058817
33.02332,12,1,1,0.2960528,1.780654,-2.058794
33.03455,12,1,1,0.2961641,1.780715,-2.058459
33.04551,12,1,1,0.2959898,1.780569,-2.058726
33.05677,12,1,1,0.2960127,1.78057,-2.05871
33.06781,12,1,1,0.2961772,1.78065,-2.058573
33.07894,12,1,1,0.295965,1.780572,-2.058849
33.09002,12,1,1,0.295981,1.780584,-2.058828
33.10118,12,1,1,0.2962333,1.780701,-2.058369
33.1124,12,1,1,0.2962566,1.780615,-2.058372
33.12331,12,1,1,0.2962647,1.780629,-2.058345
33.13472,12,1,1,0.2964698,1.780714,-2.058086
33.1456,12,1,1,0.2962061,1.780613,-2.058431
33.15718,12,1,1,0.2962144,1.780629,-2.058396
33.16779,12,1,1,0.2964054,1.7807,-2.058342
33.17886,12,1,1,0.2961369,1.780569,-2.058716
33.19043,12,1,1,0.2961629,1.780576,-2.058696
33.20109,12,1,1,0.2961861,1.780587,-2.058668
33.21223,12,1,1,0.2959186,1.780691,-2.058767
33.22329,12,1,1,0.2959398,1.780705,-2.058754
33.23449,12,1,1,0.2959472,1.780718,-2.058739
33.24555,12,1,1,0.2961904,1.780852,-2.058553
33.25665,12,1,1,0.2959281,1.780764,-2.058902
33.26781,12,1,1,0.2959391,1.780784,-2.058891
33.27891,12,1,1,0.2960859,1.780859,-2.058463
33.28993,12,1,1,0.2959062,1.780619,-2.058735
33.30107,12,1,1,0.2960826,1.780721,-2.05838
33.31221,12,1,1,0.2960347,1.780588,-2.058442
33.32323,12,1,1,0.296044,1.780603,-2.058408
33.33443,12,1,1,0.2962945,1.780658,-2.058308
33.3456,12,1,1,0.2959591,1.780623,-2.058732
33.35672,12,1,1,0.2959715,1.780632,-2.058725
33.36769,12,1,1,0.296106,1.780704,-2.058314
33.37883,12,1,1,0.2961045,1.780604,-2.058331
33.39003,12,1,1,0.2961145,1.780605,-2.058312
33.40104,12,1,1,0.2964378,1.780694,-2.058183
33.41214,12,1,1,0.296032,1.780562,-2.058689
33.42327,12,1,1,0.2960421,1.780561,-2.05869
33.43446,12,1,1,0.2962843,1.780652,-2.058514
33.4455,12,1,1,0.2963353,1.78057,-2.058525
33.45655,12,1,1,0.2963649,1.780569,-2.058528
33.46771,12,1,1,0.2964738,1.78062,-2.058129
33.47876,12,1,1,0.2961374,1.780473,-2.0586
33.4898,12,1,1,0.2961513,1.780454,-2.058587
33.5012,12,1,1,0.2963172,1.780526,-2.058481
33.51223,12,1,1,0.2959693,1.780511,-2.058906
33.52315,12,1,1,0.2959662,1.780518,-2.058918
33.53436,12,1,1,0.2960888,1.780561,-2.058719
33.54546,12,1,1,0.2957009,1.780508,-2.059211
33.5565,12,1,1,0.2956911,1.780524,-2.059223
33.56758,12,1,1,0.2959221,1.78063,-2.059004
33.57883,12,1,1,0.2958384,1.780374,-2.059263
33.58979,12,1,1,0.2958499,1.780372,-2.059285
33.60094,12,1,1,0.2960621,1.780456,-2.058978
33.61212,12,1,1,0.2958139,1.780322,-2.059344
33.62319,12,1,1,0.2958275,1.780322,-2.05936
33.63426,12,1,1,0.2960025,1.780397,-2.059111
33.64541,12,1,1,0.2957788,1.780341,-2.059427
33.65649,12,1,1,0.2957869,1.780347,-2.059451
33.66782,12,1,1,0.295951,1.780426,-2.058919
33.67866,12,1,1,0.2955833,1.780352,-2.059378
33.68984,12,1,1,0.2955821,1.780354,-2.059382
33.70104,12,1,1,0.2957493,1.780447,-2.059108
33.71196,12,1,1,0.2954262,1.78039,-2.059515
33.7231,12,1,1,0.2954136,1.780405,-2.059511
33.73433,12,1,1,0.2956181,1.780502,-2.059292
33.74527,12,1,1,0.2954107,1.780344,-2.059625
33.75636,12,1,1,0.2953938,1.780346,-2.059628
33.76758,12,1,1,0.295631,1.780463,-2.059135
33.77867,12,1,1,0.2955123,1.780246,-2.059342
33.78968,12,1,1,0.2955204,1.780243,-2.059348
33.80085,12,1,1,0.2956763,1.780327,-2.059049
33.81198,12,1,1,0.2955039,1.780144,-2.059287
33.82303,12,1,1,0.2954942,1.780132,-2.059279
33.83419,12,1,1,0.2957831,1.780223,-2.059021
33.84531,12,1,1,0.2956384,1.78018,-2.059209
33.85641,12,1,1,0.2956491,1.78017,-2.059202
33.86752,12,1,1,0.2958659,1.780288,-2.058775
33.87867,12,1,1,0.2958394,1.780244,-2.058834
33.88997,12,1,1,0.2958399,1.780218,-2.058799
33.90482,12,1,1,0.2961753,1.78033,-2.058651
33.91191,12,1,1,0.2956859,1.780269,-2.059205
33.92316,12,1,1,0.2956913,1.780264,-2.059194
33.93417,12,1,1,0.2959305,1.780379,-2.058963
33.9452,12,1,1,0.2959023,1.780323,-2.059059
33.9563,12,1,1,0.295914,1.780324,-2.059057
33.96748,12,1,1,0.2960835,1.78038,-2.058841
33.9785,12,1,1,0.2960087,1.78036,-2.058946
33.98959,12,1,1,0.2960177,1.780367,-2.058949
34.00096,12,1,1,0.2962345,1.780462,-2.058493
34.01189,12,1,1,0.2958654,1.780424,-2.058948
34.02291,12,1,1,0.2958702,1.780417,-2.05895
34.03477,12,1,1,0.2960471,1.780485,-2.058514
34.04526,12,1,1,0.2957159,1.780409,-2.058939
34.05627,12,1,1,0.2957087,1.780405,-2.058932
34.06745,12,1,1,0.2959615,1.780517,-2.058604
34.07848,12,1,1,0.2958523,1.780477,-2.05874
34.08953,12,1,1,0.2958518,1.780482,-2.058742
34.1006,12,1,1,0.296038,1.780578,-2.058504
34.11185,12,1,1,0.2956985,1.780451,-2.058965
34.12292,12,1,1,0.2956992,1.780458,-2.058961
34.13404,12,1,1,0.2958592,1.780542,-2.05891
34.14511,12,1,1,0.295554,1.780497,-2.059304
34.15643,12,1,1,0.2955464,1.780506,-2.059299
34.1674,12,1,1,0.2958077,1.780632,-2.058969
34.17846,12,1,1,0.2955509,1.780523,-2.059319
34.1896,12,1,1,0.2955526,1.780542,-2.059314
34.20087,12,1,1,0.2957602,1.780638,-2.058681
34.21185,12,1,1,0.2955359,1.780404,-2.058977
34.22296,12,1,1,0.2955361,1.780414,-2.058957
34.23472,12,1,1,0.2958308,1.780522,-2.058636
34.24508,12,1,1,0.2957142,1.780404,-2.058825
34.25615,12,1,1,0.2957283,1.780397,-2.058805
34.26732,12,1,1,0.2960533,1.780528,-2.058468
34.27842,12,1,1,0.2961477,1.780367,-2.058425
34.28946,12,1,1,0.2961703,1.78036,-2.058413
34.30062,12,1,1,0.296347,1.78047,-2.058052
34.31181,12,1,1,0.2958573,1.780468,-2.05865
34.32288,12,1,1,0.2958597,1.780475,-2.058636
34.334,12,1,1,0.2961279,1.780603,-2.058279
34.34518,12,1,1,0.2961279,1.780525,-2.058314
34.35622,12,1,1,0.2961439,1.78054,-2.058289
34.36728,12,1,1,0.296311,1.780621,-2.058054
34.37838,12,1,1,0.2961231,1.780431,-2.058377
34.38954,12,1,1,0.2961307,1.780441,-2.058364
34.4006,12,1,1,0.2963694,1.780525,-2.058281
34.41165,12,1,1,0.2963966,1.780467,-2.058309
34.42281,12,1,1,0.2964269,1.780481,-2.058297
34.43398,12,1,1,0.2965663,1.780552,-2.057941
34.44506,12,1,1,0.2962163,1.780566,-2.058363
34.45608,12,1,1,0.2962335,1.780555,-2.058336
34.46723,12,1,1,0.2964247,1.780673,-2.058298
34.47835,12,1,1,0.2961861,1.780621,-2.058614
34.48943,12,1,1,0.2961982,1.780616,-2.058606
34.5007,12,1,1,0.2963715,1.780701,-2.058389
34.51183,12,1,1,0.2962142,1.78056,-2.058649
34.52289,12,1,1,0.2962445,1.780559,-2.058647
34.53384,12,1,1,0.2964159,1.780624,-2.058113
34.54488,12,1,1,0.2961231,1.780565,-2.05851
34.55622,12,1,1,0.2961203,1.780579,-2.058502
34.56715,12,1,1,0.29629,1.78066,-2.058302
34.57816,12,1,1,0.2959801,1.780594,-2.058699
34.58938,12,1,1,0.2959929,1.780607,-2.058696
34.60049,12,1,1,0.2960587,1.780644,-2.058351
34.61151,12,1,1,0.2957681,1.780525,-2.058719
34.62259,12,1,1,0.2957633,1.780528,-2.0587
34.63396,12,1,1,0.295754,1.780537,-2.058683
34.64496,12,1,1,0.2956911,1.780403,-2.058681
34.65616,12,1,1,0.2956844,1.780398,-2.05865
34.66735,12,1,1,0.2956859,1.780387,-2.058624
34.67824,12,1,1,0.2958558,1.780475,-2.058715
34.68933,12,1,1,0.2958528,1.780487,-2.058707
34.70059,12,1,1,0.2958616,1.780499,-2.058688
34.71166,12,1,1,0.296084,1.780483,-2.058448
34.72271,12,1,1,0.2960826,1.780491,-2.058421
34.73381,12,1,1,0.2962247,1.780573,-2.058077
34.7449,12,1,1,0.296044,1.780387,-2.058365
34.7559,12,1,1,0.2960521,1.780372,-2.058346
34.76712,12,1,1,0.2962604,1.780471,-2.058033
34.77829,12,1,1,0.2959741,1.780399,-2.058389
34.7893,12,1,1,0.2959791,1.780385,-2.05835
34.80043,12,1,1,0.2962619,1.780502,-2.058316
34.81174,12,1,1,0.2958685,1.780433,-2.058757
34.82265,12,1,1,0.295874,1.780434,-2.058746
34.83374,12,1,1,0.2960664,1.780506,-2.058253
34.84484,12,1,1,0.2959238,1.780449,-2.058426
34.85599,12,1,1,0.29592,1.780451,-2.058402
34.86707,12,1,1,0.2961725,1.780563,-2.058374
34.87814,12,1,1,0.2959047,1.780511,-2.058711
34.88924,12,1,1,0.2959162,1.780504,-2.058709
34.90134,12,1,1,0.2960835,1.780593,-2.058338
34.91146,12,1,1,0.2960072,1.780392,-2.058513
34.92259,12,1,1,0.2960392,1.780379,-2.058494
34.93378,12,1,1,0.2961706,1.780442,-2.05813
34.94483,12,1,1,0.2959577,1.780318,-2.058439
34.95585,12,1,1,0.2959577,1.780305,-2.05842
34.96704,12,1,1,0.2962228,1.780416,-2.058208
34.97817,12,1,1,0.2961844,1.780403,-2.058257
34.98922,12,1,1,0.2961942,1.780391,-2.058244
35.00036,12,1,1,0.2963067,1.780442,-2.058011
35.01141,12,1,1,0.296207,1.780348,-2.058159
35.02248,12,1,1,0.2962185,1.780329,-2.058151
35.03363,12,1,1,0.2962385,1.780319,-2.058146
35.04473,12,1,1,0.2962781,1.780347,-2.058253
35.05593,12,1,1,0.2962907,1.780332,-2.058243
35.06699,12,1,1,0.2963103,1.780328,-2.058234
35.07808,12,1,1,0.2961935,1.78027,-2.058585
35.08917,12,1,1,0.2962054,1.780255,-2.058587
35.1003,12,1,1,0.2963987,1.780326,-2.058157
35.1114,12,1,1,0.2959584,1.780334,-2.058697
35.12255,12,1,1,0.29595,1.780345,-2.058728
35.13372,12,1,1,0.2959522,1.780334,-2.058738
35.14463,12,1,1,0.2961007,1.780218,-2.058547
35.15576,12,1,1,0.2960847,1.780212,-2.058551
35.16709,12,1,1,0.2960895,1.780198,-2.058569
35.17796,12,1,1,0.2962299,1.78026,-2.058133
35.18911,12,1,1,0.2960063,1.780326,-2.058398
35.20026,12,1,1,0.2960015,1.780318,-2.05839
35.21142,12,1,1,0.2962826,1.780459,-2.058278
35.2224,12,1,1,0.2960337,1.780372,-2.0586
35.23368,12,1,1,0.2960461,1.78038,-2.058617
35.24464,12,1,1,0.2962197,1.780476,-2.05844
35.2557,12,1,1,0.2959777,1.780422,-2.058776
35.26701,12,1,1,0.2959901,1.780416,-2.058784
35.27801,12,1,1,0.2962054,1.780529,-2.058449
35.28913,12,1,1,0.295883,1.780435,-2.058869
35.30014,12,1,1,0.2960132,1.780491,-2.058425
35.31151,12,1,1,0.2959987,1.780411,-2.058456
35.32236,12,1,1,0.2960151,1.780409,-2.058465
35.3335,12,1,1,0.2962235,1.780478,-2.058266
35.34457,12,1,1,0.2958616,1.780486,-2.058746
35.35567,12,1,1,0.2958504,1.780502,-2.058766
35.3669,12,1,1,0.295842,1.780496,-2.058779
35.37798,12,1,1,0.2957836,1.780546,-2.058883
35.38903,12,1,1,0.2957781,1.780558,-2.058887
35.40015,12,1,1,0.2959684,1.780665,-2.058693
35.41127,12,1,1,0.2958377,1.780411,-2.058976
35.42234,12,1,1,0.2958575,1.780415,-2.058984
35.43348,12,1,1,0.295873,1.780409,-2.058988
35.44476,12,1,1,0.2958973,1.780346,-2.058894
35.45563,12,1,1,0.2958942,1.780349,-2.058893
35.46682,12,1,1,0.2958978,1.780339,-2.058897
35.47808,12,1,1,0.2960957,1.780406,-2.058621
35.48898,12,1,1,0.2958933,1.780307,-2.058926
35.50013,12,1,1,0.2958928,1.780292,-2.058929
35.51122,12,1,1,0.2961267,1.780407,-2.058536
35.52248,12,1,1,0.2956103,1.780381,-2.059171
35.5334,12,1,1,0.2956048,1.780386,-2.059175
35.54464,12,1,1,0.2957905,1.780483,-2.058913
35.55565,12,1,1,0.2956024,1.780259,-2.059251
35.56677,12,1,1,0.2955991,1.780255,-2.059253
35.57786,12,1,1,0.2958306,1.780351,-2.058982
35.58891,12,1,1,0.2955039,1.780313,-2.059385
35.60013,12,1,1,0.2955018,1.780322,-2.059392
35.61119,12,1,1,0.2956716,1.78041,-2.059067
35.62228,12,1,1,0.295323,1.780422,-2.059477
35.63335,12,1,1,0.2953092,1.780421,-2.059484
35.64444,12,1,1,0.2955647,1.780561,-2.059211
35.6555,12,1,1,0.2955132,1.780319,-2.059416
35.66678,12,1,1,0.2955123,1.780318,-2.05941
35.67785,12,1,1,0.2957412,1.78041,-2.05922
35.68889,12,1,1,0.2956105,1.780296,-2.059438
35.70001,12,1,1,0.2956215,1.780283,-2.059411
35.71131,12,1,1,0.2958704,1.780403,-2.058978
35.72221,12,1,1,0.2954505,1.780406,-2.059479
35.73338,12,1,1,0.2954555,1.780416,-2.059479
35.74442,12,1,1,0.2956429,1.780496,-2.05898
35.75579,12,1,1,0.2953678,1.780314,-2.059375
35.76667,12,1,1,0.2953485,1.78032,-2.059388
35.77787,12,1,1,0.2953168,1.780296,-2.05946
35.78882,12,1,1,0.2952977,1.7803,-2.059458
35.79992,12,1,1,0.2952751,1.780302,-2.059453
35.81102,12,1,1,0.2952696,1.780342,-2.059561
35.8222,12,1,1,0.2952612,1.780345,-2.059546
35.83329,12,1,1,0.2952734,1.780352,-2.059536
35.84457,12,1,1,0.2954513,1.780447,-2.058946
35.8555,12,1,1,0.2952186,1.780331,-2.059241
35.86671,12,1,1,0.2951969,1.780314,-2.059223
35.87771,12,1,1,0.2954687,1.780434,-2.058955
35.8889,12,1,1,0.2953936,1.780302,-2.059072
35.89995,12,1,1,0.2953802,1.780308,-2.059058
35.91154,12,1,1,0.2952789,1.780295,-2.059082
35.9221,12,1,1,0.2952825,1.780292,-2.059061
35.93324,12,1,1,0.2952577,1.780286,-2.059052
35.94439,12,1,1,0.2956437,1.780439,-2.058868
35.95543,12,1,1,0.2954658,1.780308,-2.059173
35.96666,12,1,1,0.2954663,1.7803,-2.059165
35.97769,12,1,1,0.2959085,1.780274,-2.058783
35.98882,12,1,1,0.29591,1.780254,-2.058772
35.99985,12,1,1,0.2959221,1.780248,-2.058768
36.01097,12,1,1,0.2955025,1.780281,-2.059142
36.02213,12,1,1,0.2955061,1.780276,-2.059143
36.03323,12,1,1,0.2955297,1.78026,-2.059144
36.04428,12,1,1,0.2957908,1.780376,-2.059067
36.05543,12,1,1,0.2954703,1.780285,-2.059476
36.06691,12,1,1,0.2954665,1.780278,-2.059475
36.07783,12,1,1,0.2956847,1.780365,-2.058916
36.08868,12,1,1,0.2955182,1.780244,-2.05921
36.09986,12,1,1,0.2955023,1.780239,-2.059227
36.11089,12,1,1,0.2957517,1.780357,-2.058821
36.12205,12,1,1,0.2954343,1.780274,-2.059267
36.13326,12,1,1,0.2954405,1.78029,-2.059294
36.14462,12,1,1,0.295714,1.780419,-2.059092
36.15531,12,1,1,0.2955962,1.780421,-2.059253
36.16653,12,1,1,0.2956005,1.780428,-2.059239
36.17769,12,1,1,0.2955709,1.780267,-2.059213
36.18866,12,1,1,0.2955626,1.780269,-2.059218
36.19981,12,1,1,0.2958384,1.780359,-2.058937
36.21091,12,1,1,0.295734,1.780348,-2.059076
36.22507,12,1,1,0.2957674,1.780344,-2.059069
36.23652,12,1,1,0.2957526,1.780356,-2.059083
36.24419,12,1,1,0.2955674,1.780352,-2.059065
36.25529,12,1,1,0.2955826,1.780361,-2.059055
36.26643,12,1,1,0.2957602,1.780451,-2.058706
36.27757,12,1,1,0.2956415,1.780195,-2.058936
36.28868,12,1,1,0.2956408,1.780199,-2.058942
36.29977,12,1,1,0.2956563,1.780192,-2.058911
36.31083,12,1,1,0.2955836,1.780294,-2.059007
36.32195,12,1,1,0.2955988,1.780309,-2.058987
36.33316,12,1,1,0.2956005,1.780319,-2.058973
36.34454,12,1,1,0.2958687,1.780442,-2.05873
36.35526,12,1,1,0.2955919,1.780369,-2.059102
36.36638,12,1,1,0.2956124,1.78038,-2.059112
36.37754,12,1,1,0.2958523,1.780515,-2.058931
36.38863,12,1,1,0.2958878,1.780339,-2.059042
36.40026,12,1,1,0.2958983,1.780371,-2.059052
36.41085,12,1,1,0.2956539,1.780478,-2.059242
36.42234,12,1,1,0.2956501,1.780492,-2.059256
36.43307,12,1,1,0.2956634,1.780496,-2.059271
36.44524,12,1,1,0.2958845,1.780604,-2.058765
36.45517,12,1,1,0.2956813,1.780358,-2.059096
36.46632,12,1,1,0.2956959,1.78035,-2.059094
36.47762,12,1,1,0.2959064,1.78046,-2.058717
36.48858,12,1,1,0.2956286,1.780397,-2.059099
36.49968,12,1,1,0.2956358,1.780384,-2.059097
36.51078,12,1,1,0.2958654,1.780484,-2.058755
36.52199,12,1,1,0.295472,1.780429,-2.059289
36.53949,12,1,1,0.2954498,1.780424,-2.05931
36.55532,12,1,1,0.2954734,1.780437,-2.059149
36.56634,12,1,1,0.2954637,1.780445,-2.059168
36.57738,12,1,1,0.2957049,1.780572,-2.058956
36.58858,12,1,1,0.2955488,1.780411,-2.059228
36.59962,12,1,1,0.2955364,1.780416,-2.059213
36.61129,12,1,1,0.2957636,1.780532,-2.05884
36.62176,12,1,1,0.2956963,1.780466,-2.05896
36.63301,12,1,1,0.2957097,1.780455,-2.05895
36.64414,12,1,1,0.2959126,1.780571,-2.058453
36.65509,12,1,1,0.2955242,1.780503,-2.058918
36.66629,12,1,1,0.2955209,1.780517,-2.058894
36.67745,12,1,1,0.2957827,1.780649,-2.058589
36.68844,12,1,1,0.2959875,1.780386,-2.058489
36.69969,12,1,1,0.296007,1.78038,-2.058448
36.71069,12,1,1,0.2962852,1.780441,-2.058258
36.72191,12,1,1,0.2957889,1.780416,-2.058829
36.73294,12,1,1,0.2958179,1.780415,-2.058819
36.74401,12,1,1,0.2959963,1.780523,-2.058344
36.75564,12,1,1,0.2957316,1.780337,-2.058726
36.76619,12,1,1,0.295739,1.780328,-2.058706
36.77731,12,1,1,0.2959684,1.780416,-2.058439
36.78844,12,1,1,0.2958992,1.780327,-2.05856
36.79958,12,1,1,0.2959174,1.780318,-2.058523
36.81063,12,1,1,0.2961303,1.780406,-2.05829
36.82177,12,1,1,0.2956868,1.780427,-2.058794
36.8329,12,1,1,0.2956937,1.780421,-2.058779
36.84401,12,1,1,0.2958442,1.780488,-2.058444
36.85516,12,1,1,0.2957679,1.780405,-2.058553
36.8662,12,1,1,0.2957784,1.780409,-2.058527
36.87731,12,1,1,0.2957533,1.780258,-2.058441
36.88855,12,1,1,0.2957555,1.780244,-2.058412
36.8995,12,1,1,0.295775,1.780244,-2.058382
36.91071,12,1,1,0.2960299,1.780197,-2.058459
36.92173,12,1,1,0.2960564,1.780198,-2.058428
36.93292,12,1,1,0.2960835,1.780198,-2.058405
36.94436,12,1,1,0.2963222,1.780267,-2.058207
36.9552,12,1,1,0.2958499,1.780276,-2.058724
36.96626,12,1,1,0.2958761,1.780284,-2.058721
36.97742,12,1,1,0.2960933,1.780357,-2.0583
36.98853,12,1,1,0.2960275,1.780286,-2.058351
36.99963,12,1,1,0.2960587,1.78032,-2.058335
37.0108,12,1,1,0.2962511,1.780376,-2.058011
37.02183,12,1,1,0.2958861,1.780307,-2.05848
37.03299,12,1,1,0.2959124,1.78032,-2.058455
37.04388,12,1,1,0.2961598,1.780401,-2.058064
37.05506,12,1,1,0.2962049,1.780362,-2.05802
37.06612,12,1,1,0.2962135,1.78038,-2.05796
37.07718,12,1,1,0.2963029,1.780417,-2.057659
37.08832,12,1,1,0.2960249,1.780288,-2.058003
37.09947,12,1,1,0.2960614,1.780299,-2.057963
37.11058,12,1,1,0.2963167,1.780382,-2.057764
37.12158,12,1,1,0.2960118,1.780387,-2.058117
37.13282,12,1,1,0.2960349,1.780451,-2.058091
37.14386,12,1,1,0.2962528,1.780572,-2.058193
37.15488,12,1,1,0.2958897,1.780441,-2.05862
37.16613,12,1,1,0.295941,1.780486,-2.058584
37.17729,12,1,1,0.2960592,1.780557,-2.058406
37.18827,12,1,1,0.2959023,1.780422,-2.058693
37.19934,12,1,1,0.2959829,1.780436,-2.058663
37.2106,12,1,1,0.2961706,1.78052,-2.058441
37.22162,12,1,1,0.2957588,1.780465,-2.058889
37.23268,12,1,1,0.295744,1.78051,-2.058907
37.24373,12,1,1,0.2959741,1.780627,-2.058467
37.25534,12,1,1,0.2957955,1.780507,-2.05873
37.26638,12,1,1,0.2957893,1.780527,-2.05874
37.27709,12,1,1,0.2958561,1.780601,-2.058421
37.28829,12,1,1,0.2956344,1.780469,-2.058756
37.29942,12,1,1,0.2956558,1.780463,-2.058706
37.31035,12,1,1,0.2956391,1.780452,-2.058589
37.32158,12,1,1,0.2956301,1.780467,-2.058599
37.33278,12,1,1,0.2956778,1.780448,-2.058573
37.34377,12,1,1,0.2959958,1.780542,-2.058448
37.35482,12,1,1,0.2955569,1.780417,-2.059006
37.36609,12,1,1,0.2955423,1.780423,-2.059028
37.37706,12,1,1,0.295756,1.780494,-2.058776
37.38817,12,1,1,0.2954915,1.780354,-2.059135
37.39928,12,1,1,0.2954405,1.780359,-2.059161
37.41034,12,1,1,0.2953804,1.780232,-2.059337
37.42154,12,1,1,0.2953988,1.780228,-2.059376
37.43262,12,1,1,0.29558,1.780333,-2.058901
37.44368,12,1,1,0.2954291,1.780134,-2.059189
37.45483,12,1,1,0.295425,1.780114,-2.059216
37.4659,12,1,1,0.2957147,1.780196,-2.058898
37.47704,12,1,1,0.2953363,1.780207,-2.059353
37.48818,12,1,1,0.2953344,1.78019,-2.059346
37.49947,12,1,1,0.295466,1.780249,-2.058868
37.51027,12,1,1,0.2950536,1.78023,-2.059391
37.52145,12,1,1,0.2950428,1.780228,-2.05939
37.53275,12,1,1,0.2950056,1.780229,-2.059402
37.54364,12,1,1,0.2949894,1.780136,-2.059367
37.55474,12,1,1,0.2949718,1.780132,-2.059359
37.5659,12,1,1,0.2949506,1.78012,-2.059371
37.57697,12,1,1,0.2950462,1.780101,-2.059217
37.5881,12,1,1,0.2950157,1.780088,-2.059207
37.59925,12,1,1,0.2950018,1.780074,-2.059208
37.61032,12,1,1,0.2954629,1.780126,-2.058995
37.62135,12,1,1,0.2954842,1.780104,-2.059006
37.63265,12,1,1,0.2954875,1.780095,-2.059003
37.64359,12,1,1,0.2955423,1.780188,-2.05899
37.65471,12,1,1,0.2955306,1.780179,-2.058981
37.66581,12,1,1,0.2955409,1.780171,-2.058984
37.67692,12,1,1,0.2955991,1.780134,-2.059014
37.6881,12,1,1,0.2956003,1.780124,-2.059008
37.69912,12,1,1,0.2956286,1.780096,-2.059005
37.71026,12,1,1,0.2956012,1.780131,-2.059
37.72142,12,1,1,0.2955986,1.780136,-2.059015
37.73265,12,1,1,0.2956196,1.780132,-2.059031
37.74355,12,1,1,0.2957095,1.780114,-2.058955
37.75472,12,1,1,0.2956911,1.780125,-2.058987
37.76595,12,1,1,0.2957145,1.780103,-2.058997
37.77716,12,1,1,0.2954999,1.780258,-2.059137
37.78804,12,1,1,0.2955039,1.780254,-2.059145
37.79916,12,1,1,0.2955082,1.780262,-2.059155
37.8102,12,1,1,0.2955233,1.780272,-2.059195
37.82128,12,1,1,0.2955471,1.780269,-2.059201
37.83256,12,1,1,0.2955607,1.780275,-2.059208
37.84349,12,1,1,0.2957927,1.780356,-2.058812
37.85462,12,1,1,0.2957776,1.780363,-2.05882
37.86576,12,1,1,0.2959503,1.78046,-2.058497
37.87682,12,1,1,0.2956487,1.780325,-2.058948
37.88802,12,1,1,0.2956406,1.780329,-2.058994
37.89909,12,1,1,0.2956224,1.780337,-2.059034
37.91012,12,1,1,0.2957195,1.780396,-2.058696
37.92127,12,1,1,0.2957307,1.78041,-2.058697
37.93255,12,1,1,0.2957388,1.780416,-2.058687
37.94355,12,1,1,0.2956046,1.780402,-2.058885
37.95458,12,1,1,0.2956224,1.780403,-2.058872
37.96582,12,1,1,0.2957869,1.780493,-2.058594
37.97672,12,1,1,0.2956446,1.780264,-2.05887
37.98796,12,1,1,0.2956484,1.780261,-2.058883
37.99905,12,1,1,0.2956348,1.780262,-2.058892
38.01005,12,1,1,0.2957011,1.78027,-2.058553
38.02131,12,1,1,0.2956978,1.78027,-2.058549
38.03241,12,1,1,0.2957016,1.780275,-2.058548
38.04347,12,1,1,0.2957922,1.780364,-2.058492
38.05453,12,1,1,0.2957848,1.780363,-2.058481
38.06569,12,1,1,0.2960032,1.78046,-2.058369
38.07706,12,1,1,0.2956072,1.780384,-2.05886
38.08793,12,1,1,0.2956065,1.780401,-2.058872
38.09902,12,1,1,0.2956022,1.780408,-2.058866
38.11002,12,1,1,0.2955564,1.780369,-2.058823
38.12124,12,1,1,0.29556,1.780359,-2.058815
38.13229,12,1,1,0.2958237,1.780488,-2.058457
38.14343,12,1,1,0.2954727,1.780362,-2.058931
38.15448,12,1,1,0.2954591,1.780368,-2.058924
38.16562,12,1,1,0.295667,1.780473,-2.058461
38.1767,12,1,1,0.2956441,1.780346,-2.058501
38.18779,12,1,1,0.2956296,1.780358,-2.058504
38.19894,12,1,1,0.2956282,1.780362,-2.058509
38.20993,12,1,1,0.2956949,1.780317,-2.058641
38.22113,12,1,1,0.295703,1.780321,-2.058639
38.23234,12,1,1,0.2956997,1.780332,-2.058652
38.24328,12,1,1,0.2954176,1.780368,-2.058841
38.25452,12,1,1,0.2954102,1.780378,-2.058823
38.26556,12,1,1,0.2954069,1.780388,-2.058815
38.27724,12,1,1,0.2952767,1.780359,-2.059167
38.28776,12,1,1,0.2952767,1.78036,-2.059173
38.29895,12,1,1,0.2955078,1.78048,-2.059021
38.30993,12,1,1,0.2955004,1.780387,-2.059133
38.32135,12,1,1,0.2955092,1.78039,-2.059155
38.33256,12,1,1,0.2955218,1.780401,-2.059186
38.34328,12,1,1,0.2958332,1.780347,-2.058643
38.35437,12,1,1,0.2958373,1.780351,-2.058641
38.36554,12,1,1,0.2959019,1.78043,-2.058335
38.3766,12,1,1,0.2954923,1.78043,-2.058852
38.38778,12,1,1,0.2955008,1.780437,-2.058859
38.39888,12,1,1,0.2956754,1.780555,-2.058827
38.41,12,1,1,0.2954346,1.780525,-2.05914
38.42104,12,1,1,0.2954548,1.780528,-2.059141
38.43216,12,1,1,0.2954577,1.780544,-2.059147
38.44327,12,1,1,0.2955078,1.780322,-2.059004
38.45434,12,1,1,0.2955256,1.780315,-2.058984
38.46548,12,1,1,0.2955464,1.780312,-2.058964
38.47649,12,1,1,0.2953633,1.780383,-2.059313
38.48767,12,1,1,0.2953621,1.780391,-2.059328
38.49891,12,1,1,0.2955035,1.780468,-2.059042
38.50983,12,1,1,0.2952705,1.78041,-2.059333
38.52103,12,1,1,0.2952581,1.780426,-2.059358
38.53232,12,1,1,0.2952369,1.78045,-2.05939
38.54325,12,1,1,0.2953812,1.780241,-2.058855
38.5544,12,1,1,0.2953866,1.780245,-2.058843
38.56551,12,1,1,0.2955643,1.780329,-2.058556
38.58005,12,1,1,0.2953075,1.780235,-2.058906
38.58757,12,1,1,0.2953058,1.78023,-2.058887
38.59884,12,1,1,0.2953127,1.780221,-2.058854
38.6099,12,1,1,0.2952724,1.780282,-2.059005
38.621,12,1,1,0.2952653,1.780288,-2.058996
38.63212,12,1,1,0.2952505,1.780306,-2.058987
38.64317,12,1,1,0.2955144,1.780384,-2.058997
38.65426,12,1,1,0.2955082,1.780385,-2.059009
38.66545,12,1,1,0.2955051,1.780389,-2.059027
38.67642,12,1,1,0.2955543,1.780243,-2.05863
38.68765,12,1,1,0.2955504,1.780252,-2.058628
38.69881,12,1,1,0.2955423,1.780247,-2.058615
38.71004,12,1,1,0.2954222,1.780285,-2.05895
38.72102,12,1,1,0.2954248,1.780288,-2.058963
38.73212,12,1,1,0.2954391,1.780298,-2.058968
38.74317,12,1,1,0.2954782,1.780122,-2.058888
38.75446,12,1,1,0.295476,1.780119,-2.058864
38.76541,12,1,1,0.2954734,1.780117,-2.058872
38.77656,12,1,1,0.2953211,1.780141,-2.059096
38.78757,12,1,1,0.2953196,1.780155,-2.059094
38.7988,12,1,1,0.2955666,1.780283,-2.058803
38.80975,12,1,1,0.2951938,1.780243,-2.059249
38.82088,12,1,1,0.2951914,1.780245,-2.059245
38.832,12,1,1,0.2953645,1.780321,-2.058972
38.84314,12,1,1,0.2951628,1.780149,-2.059275
38.85421,12,1,1,0.2951518,1.780156,-2.059303
38.86535,12,1,1,0.2951384,1.78018,-2.059321
38.87643,12,1,1,0.2952667,1.780253,-2.059254
38.88752,12,1,1,0.2952763,1.780261,-2.059274
38.89859,12,1,1,0.2952739,1.780271,-2.059302
38.90979,12,1,1,0.2954362,1.780355,-2.059054
38.92085,12,1,1,0.2954434,1.780363,-2.059058
38.932,12,1,1,0.2956172,1.780458,-2.058669
38.94299,12,1,1,0.2957235,1.780333,-2.0586
38.95417,12,1,1,0.2957345,1.78034,-2.058589
38.96524,12,1,1,0.2957357,1.780345,-2.058577
38.97631,12,1,1,0.2957681,1.780358,-2.058496
38.98745,12,1,1,0.2957793,1.78036,-2.05848
38.99869,12,1,1,0.2957936,1.780367,-2.058469
39.00964,12,1,1,0.2959879,1.780391,-2.058374
39.02074,12,1,1,0.2960046,1.780384,-2.058355
39.03208,12,1,1,0.2960177,1.780365,-2.058313
39.04301,12,1,1,0.2959867,1.780393,-2.058411
39.05411,12,1,1,0.2960094,1.780391,-2.058397
39.0652,12,1,1,0.2960392,1.780387,-2.058386
39.07626,12,1,1,0.2957869,1.780251,-2.05829
39.08749,12,1,1,0.2957748,1.780258,-2.058268
39.09851,12,1,1,0.2957743,1.780262,-2.058268
39.10965,12,1,1,0.2956282,1.780155,-2.058829
39.12082,12,1,1,0.295627,1.780141,-2.058804
39.13194,12,1,1,0.2956153,1.780141,-2.0588
39.14293,12,1,1,0.2954341,1.780141,-2.05897
39.15459,12,1,1,0.2954448,1.780139,-2.058982
39.16521,12,1,1,0.2954565,1.78014,-2.058991
39.17621,12,1,1,0.2954822,1.780095,-2.058822
39.18743,12,1,1,0.2954641,1.780099,-2.058828
39.19854,12,1,1,0.2954603,1.780089,-2.058827
39.20949,12,1,1,0.2955295,1.78,-2.058753
39.22067,12,1,1,0.2955323,1.78,-2.058731
39.23186,12,1,1,0.295529,1.779985,-2.058727
39.243,12,1,1,0.2955476,1.780042,-2.058915
39.25401,12,1,1,0.2955626,1.780035,-2.058914
39.26521,12,1,1,0.2955745,1.780028,-2.058916
39.27628,12,1,1,0.2954112,1.780095,-2.058976
39.28734,12,1,1,0.2953924,1.780093,-2.058989
39.29846,12,1,1,0.2953959,1.780101,-2.059005
39.30952,12,1,1,0.295385,1.780061,-2.05909
39.32069,12,1,1,0.2953545,1.780083,-2.05912
39.33179,12,1,1,0.2953463,1.780071,-2.059115
39.34293,12,1,1,0.2953254,1.780033,-2.059224
39.35394,12,1,1,0.2953344,1.780032,-2.059224
39.3652,12,1,1,0.2953335,1.780039,-2.05923
39.37612,12,1,1,0.295282,1.780015,-2.05933
39.38732,12,1,1,0.2952951,1.780023,-2.059332
39.39846,12,1,1,0.2953158,1.780025,-2.059326
39.40944,12,1,1,0.2953118,1.780025,-2.059256
39.42059,12,1,1,0.2953022,1.780032,-2.059253
39.43175,12,1,1,0.2953113,1.780033,-2.059254
39.443,12,1,1,0.295555,1.78006,-2.059
39.45391,12,1,1,0.2955709,1.780058,-2.058998
39.4653,12,1,1,0.295569,1.780067,-2.059007
39.47608,12,1,1,0.2953022,1.780074,-2.059103
39.48721,12,1,1,0.295302,1.780086,-2.059099
39.49862,12,1,1,0.2953065,1.78008,-2.059093
39.50944,12,1,1,0.295323,1.780133,-2.058964
39.52056,12,1,1,0.2953216,1.780138,-2.058944
39.53168,12,1,1,0.2953275,1.780149,-2.058918
39.54293,12,1,1,0.2953809,1.780089,-2.058887
39.55394,12,1,1,0.2953983,1.780071,-2.058859
39.56512,12,1,1,0.2954029,1.78007,-2.05884
39.57604,12,1,1,0.295406,1.780094,-2.05891
39.5872,12,1,1,0.2954179,1.780083,-2.058899
39.59836,12,1,1,0.2954169,1.780079,-2.058888
39.60938,12,1,1,0.2956329,1.7801,-2.058886
39.62054,12,1,1,0.2956291,1.780103,-2.058882
39.63166,12,1,1,0.2956446,1.780102,-2.058884
39.64266,12,1,1,0.295441,1.780185,-2.058955
39.65397,12,1,1,0.2954336,1.7802,-2.058957
39.66499,12,1,1,0.295435,1.780194,-2.058948
39.6761,12,1,1,0.2956768,1.780203,-2.058883
39.68713,12,1,1,0.295699,1.78021,-2.058875
39.69828,12,1,1,0.2957095,1.780209,-2.058848
39.70938,12,1,1,0.2957772,1.780301,-2.058771
39.72051,12,1,1,0.2957848,1.780308,-2.058749
39.73162,12,1,1,0.2957943,1.780328,-2.058725
39.74269,12,1,1,0.2958179,1.780359,-2.058654
39.75423,12,1,1,0.2958175,1.78037,-2.05865
39.76499,12,1,1,0.2958156,1.780389,-2.058661
39.77602,12,1,1,0.2956692,1.780285,-2.058727
39.78713,12,1,1,0.2956682,1.780292,-2.058725
39.79823,12,1,1,0.2957264,1.780352,-2.0585
39.80941,12,1,1,0.295395,1.780349,-2.058935
39.82042,12,1,1,0.2953783,1.78035,-2.058933
39.8317,12,1,1,0.295369,1.780376,-2.058944
39.84262,12,1,1,0.295308,1.780393,-2.059228
39.85382,12,1,1,0.2952777,1.78042,-2.059237
39.86487,12,1,1,0.2952832,1.780429,-2.059248
39.87588,12,1,1,0.2952276,1.780385,-2.059455
39.8871,12,1,1,0.2952124,1.780402,-2.05948
39.89844,12,1,1,0.295194,1.780426,-2.059513
39.90934,12,1,1,0.2952236,1.78045,-2.05937
39.92043,12,1,1,0.2952081,1.780469,-2.059398
39.93149,12,1,1,0.2951976,1.780498,-2.05943
39.94274,12,1,1,0.2950836,1.780354,-2.059484
39.95381,12,1,1,0.2950941,1.780355,-2.059479
39.96508,12,1,1,0.2950834,1.780365,-2.059466
39.97604,12,1,1,0.2953263,1.780353,-2.059283
39.98739,12,1,1,0.2953292,1.780344,-2.059281
39.99821,12,1,1,0.2953359,1.780352,-2.059299
40.00926,12,1,1,0.295431,1.780214,-2.059209
40.02036,12,1,1,0.2954246,1.780222,-2.05922
40.03151,12,1,1,0.2954193,1.780222,-2.059232
40.04257,12,1,1,0.2954653,1.780123,-2.05915
40.05378,12,1,1,0.2954827,1.780117,-2.059166
40.06483,12,1,1,0.2954908,1.780111,-2.059175
40.0759,12,1,1,0.2956279,1.780101,-2.059047
