Time Since Start (in seconds),Participant ID,Trial Number,Condition Number,Head Position x,Head Position y,Head Position z
15.96986,te,3,3,0.1075685,1.635779,0.1159801
15.98117,te,3,3,0.1076178,1.635781,0.1160665
15.9922,te,3,3,0.1076657,1.635787,0.1161644
16.00323,te,3,3,0.1077391,1.635792,0.1162529
16.01432,te,3,3,0.1078313,1.635768,0.1163807
16.02542,te,3,3,0.1076887,1.635737,0.1165693
16.03664,te,3,3,0.1077508,1.635687,0.1166825
16.04762,te,3,3,0.1077303,1.635593,0.1167908
16.05869,te,3,3,0.107764,1.635624,0.1168792
16.06983,te,3,3,0.1078383,1.635689,0.1170824
16.08125,te,3,3,0.1078802,1.635738,0.1171787
16.09218,te,3,3,0.1079185,1.635711,0.1172392
16.1032,te,3,3,0.1079827,1.635748,0.1173263
16.11434,te,3,3,0.1081281,1.635854,0.1174932
16.12568,te,3,3,0.1082856,1.6359,0.1175191
16.13674,te,3,3,0.1083715,1.63592,0.1175897
16.14776,te,3,3,0.1084798,1.635883,0.1174958
16.15892,te,3,3,0.1085621,1.635872,0.1175189
16.17007,te,3,3,0.1086928,1.635764,0.1174493
16.18132,te,3,3,0.1087889,1.635757,0.1174576
16.19216,te,3,3,0.108923,1.635754,0.1173944
16.20329,te,3,3,0.1090477,1.63572,0.1173036
16.21438,te,3,3,0.1091505,1.635759,0.1173084
16.2254,te,3,3,0.1093186,1.635765,0.1172419
16.23712,te,3,3,0.109432,1.635749,0.1172316
16.24759,te,3,3,0.1096414,1.635736,0.1172993
16.2585,te,3,3,0.1097731,1.635708,0.1172678
16.26964,te,3,3,0.1099265,1.635662,0.1171763
16.28074,te,3,3,0.1100456,1.635611,0.1171422
16.29184,te,3,3,0.1101846,1.635581,0.1171002
16.30299,te,3,3,0.1102538,1.635511,0.1170692
16.3142,te,3,3,0.1104145,1.635485,0.1170096
16.32527,te,3,3,0.1107061,1.635485,0.117125
16.33651,te,3,3,0.1108995,1.635548,0.1172423
16.34766,te,3,3,0.1110807,1.635556,0.1171842
16.35894,te,3,3,0.111308,1.635494,0.117219
16.36996,te,3,3,0.1115146,1.635507,0.117208
16.38099,te,3,3,0.1116971,1.635523,0.1171291
16.39224,te,3,3,0.1119009,1.635512,0.117157
16.40321,te,3,3,0.1121314,1.635493,0.1170855
16.41421,te,3,3,0.1124078,1.635513,0.1170063
16.42535,te,3,3,0.1126914,1.635489,0.1169155
16.43636,te,3,3,0.1129862,1.635473,0.1168489
16.44744,te,3,3,0.1133145,1.635415,0.1166573
16.45858,te,3,3,0.113636,1.635401,0.1165631
16.46951,te,3,3,0.1140723,1.635441,0.1165411
16.48076,te,3,3,0.1145104,1.635417,0.116431
16.49184,te,3,3,0.1149767,1.635442,0.1163435
16.5028,te,3,3,0.115407,1.635416,0.1162641
16.51389,te,3,3,0.1158962,1.635355,0.1161773
16.525,te,3,3,0.1164454,1.635313,0.1161616
16.53629,te,3,3,0.1170029,1.635201,0.116112
16.54753,te,3,3,0.1176412,1.635117,0.1160305
16.55884,te,3,3,0.1182448,1.635051,0.1159663
16.5697,te,3,3,0.1189281,1.63491,0.1158257
16.58088,te,3,3,0.1196655,1.634861,0.1157265
16.59199,te,3,3,0.1204544,1.634727,0.1157308
16.60304,te,3,3,0.1212806,1.634646,0.1156383
16.61409,te,3,3,0.1221727,1.634555,0.1155343
16.62507,te,3,3,0.1230867,1.634479,0.1154487
16.63618,te,3,3,0.12406,1.63439,0.1153691
16.64736,te,3,3,0.1250978,1.634294,0.1152604
16.65826,te,3,3,0.1261264,1.634116,0.1149404
16.66954,te,3,3,0.1273317,1.63398,0.1147873
16.68062,te,3,3,0.1283636,1.633799,0.114624
16.69169,te,3,3,0.1295793,1.633621,0.1144695
16.70312,te,3,3,0.1309285,1.6335,0.1142907
16.7141,te,3,3,0.1322479,1.633301,0.1142471
16.72525,te,3,3,0.1336619,1.633079,0.114095
16.73653,te,3,3,0.1350895,1.632886,0.1140909
16.74771,te,3,3,0.1366098,1.632619,0.1139443
16.75861,te,3,3,0.1381592,1.632388,0.1137943
16.76959,te,3,3,0.1398039,1.632074,0.1135554
16.78065,te,3,3,0.1414602,1.631721,0.1133711
16.79172,te,3,3,0.1431923,1.63142,0.1133168
16.80289,te,3,3,0.1449759,1.630992,0.1131399
16.81404,te,3,3,0.146884,1.630742,0.1132369
16.82492,te,3,3,0.1487441,1.630361,0.1130562
16.83606,te,3,3,0.1506739,1.629918,0.1128845
16.84719,te,3,3,0.1527152,1.629475,0.112648
16.85832,te,3,3,0.154876,1.62907,0.1124003
16.86942,te,3,3,0.1571887,1.628678,0.1121511
16.88061,te,3,3,0.1596489,1.628228,0.1118782
16.89169,te,3,3,0.1620686,1.627758,0.1115899
16.90287,te,3,3,0.1646054,1.627253,0.1113186
16.91401,te,3,3,0.1672871,1.626648,0.1110117
16.92517,te,3,3,0.1699686,1.626076,0.1107097
16.93631,te,3,3,0.1727822,1.625471,0.1104078
16.94736,te,3,3,0.1756792,1.624863,0.1101096
16.95833,te,3,3,0.1787999,1.62421,0.1097727
16.96947,te,3,3,0.1819792,1.623504,0.1094031
16.98068,te,3,3,0.18524,1.622761,0.1090233
16.99174,te,3,3,0.1886919,1.622029,0.1086135
17.00276,te,3,3,0.1922744,1.621254,0.1081924
17.01407,te,3,3,0.1959696,1.620433,0.1077523
17.02502,te,3,3,0.1996763,1.619631,0.107202
17.03625,te,3,3,0.2036126,1.61874,0.1068191
17.04767,te,3,3,0.2077313,1.617774,0.1063309
17.05886,te,3,3,0.2119382,1.616848,0.1059756
17.06961,te,3,3,0.2162741,1.615847,0.1055782
17.08086,te,3,3,0.2208174,1.614769,0.1050498
17.09197,te,3,3,0.2254486,1.613616,0.104469
17.10296,te,3,3,0.2302621,1.612512,0.1038816
17.11402,te,3,3,0.2352438,1.611361,0.1031995
17.12504,te,3,3,0.2401524,1.610231,0.1026213
17.13615,te,3,3,0.245359,1.608981,0.1019776
17.14743,te,3,3,0.2505839,1.607738,0.1013527
17.15827,te,3,3,0.2558513,1.606531,0.1007037
17.16951,te,3,3,0.2615159,1.605367,0.09994909
17.18049,te,3,3,0.2671288,1.604216,0.0991995
17.19166,te,3,3,0.2727578,1.603048,0.09852859
17.20275,te,3,3,0.2787579,1.601746,0.09768841
17.21388,te,3,3,0.2845111,1.600414,0.09706089
17.22498,te,3,3,0.290552,1.598983,0.09622952
17.23615,te,3,3,0.2965007,1.59748,0.09558436
17.24745,te,3,3,0.3026901,1.595835,0.09491512
17.25841,te,3,3,0.3089498,1.594135,0.09406564
17.26944,te,3,3,0.3151884,1.592328,0.09331462
17.28048,te,3,3,0.3213311,1.59037,0.09251019
17.29157,te,3,3,0.3275223,1.588054,0.0917103
17.30666,te,3,3,0.333793,1.585626,0.09104463
17.31378,te,3,3,0.3400367,1.583308,0.09027502
17.32491,te,3,3,0.3461452,1.580871,0.08960053
17.33578,te,3,3,0.3522454,1.578302,0.08891484
17.34701,te,3,3,0.3581736,1.575651,0.08844993
17.35796,te,3,3,0.3640576,1.572724,0.08786008
17.36914,te,3,3,0.3697999,1.569535,0.08743665
17.38019,te,3,3,0.3753529,1.566164,0.08702368
17.39156,te,3,3,0.3809236,1.562913,0.0865435
17.40261,te,3,3,0.38636,1.559389,0.08601278
17.41378,te,3,3,0.391646,1.555905,0.08567756
17.42476,te,3,3,0.3966799,1.552435,0.08538288
17.43588,te,3,3,0.401594,1.549111,0.0853855
17.4471,te,3,3,0.4063638,1.545599,0.08498901
17.45815,te,3,3,0.41093,1.542139,0.08480352
17.46928,te,3,3,0.4153431,1.53885,0.08491939
17.48044,te,3,3,0.4195481,1.535484,0.08479947
17.49137,te,3,3,0.4235561,1.532014,0.08457798
17.50253,te,3,3,0.4270607,1.52853,0.08451718
17.51358,te,3,3,0.4305106,1.525074,0.08443493
17.52468,te,3,3,0.4339073,1.521631,0.08428186
17.53583,te,3,3,0.4367726,1.518403,0.08425015
17.54691,te,3,3,0.4396735,1.515255,0.08420509
17.55801,te,3,3,0.4419239,1.512361,0.08420342
17.56916,te,3,3,0.4440868,1.509611,0.08413857
17.58035,te,3,3,0.4460469,1.506984,0.08405656
17.59158,te,3,3,0.4475053,1.504613,0.08395332
17.60259,te,3,3,0.448586,1.502639,0.08386058
17.61399,te,3,3,0.449288,1.501095,0.08379406
17.62489,te,3,3,0.4499646,1.499821,0.08354753
17.63587,te,3,3,0.4500399,1.499187,0.08336848
17.64703,te,3,3,0.4499539,1.49874,0.08320016
17.65792,te,3,3,0.4493669,1.498921,0.08303779
17.66904,te,3,3,0.4487243,1.499314,0.08282059
17.6802,te,3,3,0.4474042,1.500625,0.08271354
17.69115,te,3,3,0.4463103,1.502093,0.08247513
17.70222,te,3,3,0.4445263,1.504361,0.08247346
17.71327,te,3,3,0.4426757,1.506805,0.08247846
17.7245,te,3,3,0.4403248,1.509878,0.08267254
17.73548,te,3,3,0.4377528,1.513349,0.08272642
17.74663,te,3,3,0.4348829,1.517218,0.08282751
17.75774,te,3,3,0.4315842,1.521337,0.0830664
17.76883,te,3,3,0.4281092,1.525958,0.08319253
17.78,te,3,3,0.4243258,1.530611,0.08351964
17.7913,te,3,3,0.4200414,1.535845,0.0837869
17.80249,te,3,3,0.4158238,1.540913,0.08414239
17.81388,te,3,3,0.411414,1.546307,0.08441943
17.82472,te,3,3,0.4068673,1.55178,0.0846948
17.83589,te,3,3,0.4018443,1.557439,0.08502525
17.8468,te,3,3,0.3968657,1.563074,0.08529729
17.85785,te,3,3,0.3913336,1.56886,0.08555216
17.86898,te,3,3,0.3857618,1.574672,0.08577627
17.8801,te,3,3,0.3802519,1.580392,0.08572525
17.89118,te,3,3,0.3738003,1.586137,0.08604237
17.90238,te,3,3,0.3678913,1.591809,0.08626172
17.91335,te,3,3,0.3613634,1.597409,0.08666274
17.92448,te,3,3,0.354851,1.602873,0.08677742
17.93532,te,3,3,0.3481243,1.608225,0.08700868
17.94646,te,3,3,0.3413384,1.613622,0.08723161
17.95755,te,3,3,0.3345886,1.618856,0.08730981
17.96852,te,3,3,0.3274486,1.623987,0.08743688
17.97975,te,3,3,0.3202246,1.628938,0.08754393
17.99103,te,3,3,0.3129559,1.633718,0.08768126
18.00206,te,3,3,0.3056729,1.638367,0.0876784
18.01331,te,3,3,0.2982996,1.642868,0.08778092
18.02453,te,3,3,0.2907265,1.64712,0.08782884
18.03554,te,3,3,0.2832432,1.651016,0.08792874
18.04647,te,3,3,0.2758241,1.654706,0.0881097
18.05781,te,3,3,0.2684539,1.658191,0.08822963
18.0687,te,3,3,0.2610147,1.661507,0.08842561
18.07983,te,3,3,0.2535179,1.66444,0.08854792
18.09096,te,3,3,0.2459889,1.667271,0.08872436
18.10215,te,3,3,0.237942,1.670343,0.08906315
18.11347,te,3,3,0.2304092,1.673505,0.0892608
18.1244,te,3,3,0.2229488,1.676669,0.08941148
18.13527,te,3,3,0.2154138,1.679422,0.08961295
18.14669,te,3,3,0.207732,1.681923,0.08984827
18.15757,te,3,3,0.1999045,1.684154,0.08995317
18.16867,te,3,3,0.1923595,1.686189,0.09021734
18.17982,te,3,3,0.1847324,1.687937,0.09020162
18.19095,te,3,3,0.177366,1.689414,0.09016275
18.202,te,3,3,0.1701512,1.691038,0.0903759
18.21296,te,3,3,0.1631253,1.692387,0.09053421
18.22389,te,3,3,0.1563289,1.693524,0.09054375
18.23502,te,3,3,0.1498072,1.694776,0.09058428
18.24633,te,3,3,0.1433349,1.696003,0.09053278
18.25761,te,3,3,0.1369536,1.697282,0.09056902
18.26863,te,3,3,0.1309947,1.698343,0.09042382
18.27968,te,3,3,0.1251369,1.699431,0.0904119
18.29083,te,3,3,0.1196259,1.700412,0.09036374
18.30204,te,3,3,0.1139551,1.701289,0.09038353
18.31308,te,3,3,0.1089277,1.701922,0.08995008
18.32422,te,3,3,0.1037328,1.702718,0.08995795
18.33538,te,3,3,0.09887613,1.703408,0.08971953
18.34632,te,3,3,0.09410454,1.704072,0.08957195
18.35727,te,3,3,0.08947229,1.704736,0.08954883
18.36835,te,3,3,0.08490062,1.705286,0.08935214
18.37953,te,3,3,0.08029294,1.705854,0.08933998
18.3905,te,3,3,0.07596374,1.706371,0.0891831
18.40156,te,3,3,0.07149065,1.706736,0.08894802
18.41306,te,3,3,0.06721592,1.707148,0.08881808
18.42404,te,3,3,0.06300092,1.707481,0.08871604
18.43502,te,3,3,0.0588969,1.707879,0.08850551
18.44596,te,3,3,0.05472255,1.708108,0.08815027
18.45733,te,3,3,0.05060601,1.708262,0.08802963
18.46833,te,3,3,0.04661142,1.708248,0.08773495
18.47952,te,3,3,0.04257989,1.708333,0.08755161
18.49067,te,3,3,0.03870928,1.708411,0.08719589
18.50189,te,3,3,0.03457713,1.708432,0.08680797
18.51283,te,3,3,0.03077292,1.708489,0.0865643
18.52404,te,3,3,0.02678215,1.708615,0.08617258
18.53519,te,3,3,0.02300631,1.708615,0.08595229
18.5463,te,3,3,0.01918482,1.708527,0.08564139
18.55742,te,3,3,0.01544034,1.708467,0.08545113
18.56882,te,3,3,0.0116198,1.708445,0.08523513
18.57997,te,3,3,0.007832164,1.708322,0.08481503
18.59112,te,3,3,0.00407123,1.708073,0.08433057
18.60198,te,3,3,0.0001726085,1.708052,0.08417583
18.61309,te,3,3,-0.003544814,1.707809,0.08392144
18.62432,te,3,3,-0.007348306,1.707669,0.0838194
18.63527,te,3,3,-0.01102734,1.707442,0.08360577
18.64653,te,3,3,-0.01467622,1.707169,0.08357549
18.65749,te,3,3,-0.01838411,1.706822,0.08345104
18.66874,te,3,3,-0.02204932,1.706371,0.08339144
18.6801,te,3,3,-0.02575184,1.706008,0.0834613
18.69102,te,3,3,-0.02934576,1.705546,0.08338572
18.70213,te,3,3,-0.03297282,1.705069,0.08348395
18.71326,te,3,3,-0.03648831,1.70447,0.08339335
18.72434,te,3,3,-0.0402335,1.703888,0.08359887
18.73538,te,3,3,-0.04393972,1.703241,0.08379437
18.74665,te,3,3,-0.04760756,1.702563,0.08405615
18.75774,te,3,3,-0.05131747,1.701952,0.08432151
18.76864,te,3,3,-0.05497195,1.701279,0.08476283
18.77985,te,3,3,-0.0586101,1.700427,0.08517314
18.79094,te,3,3,-0.0621828,1.699477,0.08531596
18.802,te,3,3,-0.06582572,1.698571,0.08579089
18.81314,te,3,3,-0.06938805,1.697892,0.08636118
18.82429,te,3,3,-0.07298757,1.697238,0.08692004
18.83536,te,3,3,-0.07658006,1.696792,0.08756186
18.84646,te,3,3,-0.08009423,1.696204,0.08793117
18.85732,te,3,3,-0.08353569,1.695647,0.08858515
18.86835,te,3,3,-0.08693172,1.695111,0.08931281
18.8795,te,3,3,-0.09023704,1.694391,0.09003092
18.89037,te,3,3,-0.09338988,1.693737,0.09077097
18.90152,te,3,3,-0.09646442,1.692919,0.09142973
18.9126,te,3,3,-0.09924974,1.691819,0.09194329
18.92388,te,3,3,-0.1018838,1.690823,0.09268596
18.93481,te,3,3,-0.1041376,1.689503,0.09340217
18.94593,te,3,3,-0.1064739,1.6883,0.09422687
18.95704,te,3,3,-0.1083255,1.686806,0.09503105
18.96819,te,3,3,-0.1102659,1.685408,0.09581545
18.97943,te,3,3,-0.1119681,1.684003,0.09672239
18.99069,te,3,3,-0.113605,1.68268,0.09765747
19.00151,te,3,3,-0.1150419,1.681661,0.098434
19.01264,te,3,3,-0.1164768,1.680658,0.09934714
19.02392,te,3,3,-0.1177927,1.679717,0.100291
19.03524,te,3,3,-0.1190219,1.678869,0.1012507
19.04656,te,3,3,-0.1201584,1.677989,0.1020561
19.0574,te,3,3,-0.1211507,1.677119,0.1030948
19.06871,te,3,3,-0.1219969,1.676281,0.1039987
19.07986,te,3,3,-0.1226461,1.675513,0.1049888
19.09092,te,3,3,-0.1231079,1.674853,0.1058369
19.10206,te,3,3,-0.1234646,1.674115,0.1067324
19.11282,te,3,3,-0.1237009,1.673419,0.1075139
19.12365,te,3,3,-0.1236423,1.672916,0.1083064
19.13485,te,3,3,-0.1233786,1.672392,0.1090961
19.14625,te,3,3,-0.1228795,1.672041,0.1095879
19.15739,te,3,3,-0.1219936,1.6717,0.1102171
19.16837,te,3,3,-0.1210538,1.671444,0.1106277
19.17955,te,3,3,-0.1193358,1.671246,0.1110723
19.19065,te,3,3,-0.1174556,1.671173,0.1114517
19.20182,te,3,3,-0.1147096,1.671232,0.1116331
19.2129,te,3,3,-0.1117799,1.671389,0.1117442
19.22425,te,3,3,-0.1085223,1.671574,0.1119509
19.23525,te,3,3,-0.1048958,1.671665,0.1119519
19.24627,te,3,3,-0.1010087,1.671701,0.1118992
19.25744,te,3,3,-0.09670188,1.671701,0.1117387
19.26852,te,3,3,-0.09227706,1.671732,0.1115053
19.27946,te,3,3,-0.08773816,1.671732,0.1112526
19.2905,te,3,3,-0.08292282,1.671793,0.1107214
19.30162,te,3,3,-0.07782305,1.67207,0.1103645
19.31282,te,3,3,-0.07280231,1.672192,0.1100626
19.32368,te,3,3,-0.06761575,1.67234,0.1097179
19.33479,te,3,3,-0.0624596,1.672541,0.1096976
19.34593,te,3,3,-0.05713976,1.672823,0.1095309
19.35696,te,3,3,-0.05173577,1.673238,0.1094108
19.3682,te,3,3,-0.04639173,1.673471,0.1093142
19.3792,te,3,3,-0.04101611,1.673742,0.109256
19.39041,te,3,3,-0.03558612,1.674061,0.1094496
19.40156,te,3,3,-0.03017247,1.674338,0.1094227
19.41257,te,3,3,-0.02475763,1.674467,0.1094406
19.42394,te,3,3,-0.01902712,1.67457,0.1097186
19.43498,te,3,3,-0.01345241,1.674528,0.1098454
19.44608,te,3,3,-0.007631063,1.674459,0.1099563
19.45707,te,3,3,-0.001854777,1.674259,0.1101446
19.46816,te,3,3,0.003917576,1.674124,0.1104076
19.47938,te,3,3,0.009808185,1.673796,0.1106377
19.49041,te,3,3,0.01562953,1.673524,0.1108768
19.50157,te,3,3,0.02143347,1.673188,0.1109965
19.51244,te,3,3,0.0273242,1.672623,0.1112359
19.52338,te,3,3,0.03335107,1.671898,0.1115976
19.5346,te,3,3,0.03946352,1.671092,0.1118555
19.54577,te,3,3,0.0456611,1.670149,0.1124077
19.55694,te,3,3,0.05202246,1.669002,0.1127353
19.56815,te,3,3,0.0584066,1.667743,0.113143
19.57925,te,3,3,0.06479312,1.666458,0.1135318
19.59053,te,3,3,0.07116378,1.665088,0.1141338
19.60141,te,3,3,0.07749809,1.663507,0.1145411
19.6126,te,3,3,0.08389462,1.661836,0.115
19.62362,te,3,3,0.09032954,1.660063,0.1154325
19.63476,te,3,3,0.09676279,1.658266,0.1158931
19.64588,te,3,3,0.103413,1.656403,0.1163311
19.65704,te,3,3,0.1098025,1.654479,0.1168928
19.6688,te,3,3,0.116084,1.652594,0.1173491
19.67971,te,3,3,0.1223526,1.650985,0.1180239
19.69029,te,3,3,0.1286392,1.649169,0.1184218
19.70146,te,3,3,0.1347275,1.647476,0.1188872
19.71251,te,3,3,0.1406086,1.6458,0.1192942
19.72367,te,3,3,0.1466525,1.644097,0.1196294
19.73485,te,3,3,0.1525049,1.64247,0.1200163
19.74597,te,3,3,0.1583531,1.640766,0.1202836
19.75717,te,3,3,0.1642041,1.639047,0.1205287
19.76838,te,3,3,0.1699674,1.63734,0.1207356
19.7791,te,3,3,0.1755881,1.635542,0.1209199
19.79009,te,3,3,0.1813405,1.633552,0.1210394
19.80129,te,3,3,0.1871624,1.631398,0.1211045
19.81267,te,3,3,0.1929553,1.62913,0.1213109
19.82372,te,3,3,0.1987379,1.626902,0.1212983
19.83486,te,3,3,0.2045155,1.62456,0.1212427
19.84607,te,3,3,0.2103741,1.622239,0.1211116
19.85708,te,3,3,0.2160657,1.619792,0.1208756
19.86841,te,3,3,0.2218168,1.617244,0.1205735
19.87909,te,3,3,0.2274907,1.614534,0.1205327
19.89011,te,3,3,0.2330222,1.611845,0.1203701
19.90116,te,3,3,0.2386556,1.609117,0.1199508
19.91239,te,3,3,0.2444737,1.606327,0.1197564
19.92341,te,3,3,0.250161,1.60339,0.1193485
19.93451,te,3,3,0.2559069,1.600293,0.1187932
19.94558,te,3,3,0.2615412,1.597219,0.1184466
19.95654,te,3,3,0.2671321,1.593926,0.1179743
19.96811,te,3,3,0.2727461,1.590551,0.117351
19.9789,te,3,3,0.2780805,1.58696,0.1169004
19.98974,te,3,3,0.2835363,1.58341,0.1162038
20.00095,te,3,3,0.2888861,1.579632,0.1154442
20.0121,te,3,3,0.2941492,1.575704,0.1148362
20.0232,te,3,3,0.2996069,1.571704,0.1141252
20.03436,te,3,3,0.3047197,1.567597,0.1134774
20.04578,te,3,3,0.3098508,1.563233,0.1127388
20.05645,te,3,3,0.3148997,1.558865,0.1121967
20.0675,te,3,3,0.3198236,1.554457,0.1114998
20.07882,te,3,3,0.3246854,1.550045,0.1107726
20.08976,te,3,3,0.3294192,1.545675,0.1103499
20.10065,te,3,3,0.3341714,1.541226,0.1095748
20.11171,te,3,3,0.3387154,1.536658,0.1089823
20.12288,te,3,3,0.3433004,1.531847,0.1082387
20.13374,te,3,3,0.3478182,1.526977,0.1076822
20.14492,te,3,3,0.3521429,1.522225,0.107259
20.1562,te,3,3,0.3565491,1.517242,0.1065614
20.16755,te,3,3,0.3607259,1.512323,0.1060505
20.17897,te,3,3,0.3646095,1.507416,0.1053986
20.18951,te,3,3,0.3682228,1.502525,0.1049468
20.20082,te,3,3,0.3717421,1.497743,0.1044109
20.21173,te,3,3,0.3750923,1.493296,0.1041436
20.22292,te,3,3,0.378476,1.488997,0.1037533
20.23416,te,3,3,0.3816922,1.484897,0.1035287
20.24542,te,3,3,0.3847101,1.480801,0.1035978
20.25658,te,3,3,0.3876017,1.476689,0.1033992
20.26796,te,3,3,0.3904157,1.472597,0.1031813
20.27906,te,3,3,0.3928981,1.468632,0.1029891
20.28988,te,3,3,0.3952079,1.464785,0.1027889
20.30094,te,3,3,0.3973563,1.461029,0.1029872
20.31194,te,3,3,0.3993028,1.45737,0.1027967
20.32304,te,3,3,0.4009345,1.4538,0.1029386
20.33424,te,3,3,0.4025002,1.450206,0.1027061
20.34526,te,3,3,0.4039899,1.446615,0.1024303
20.35642,te,3,3,0.4055267,1.442978,0.1022434
20.36765,te,3,3,0.4067996,1.439569,0.1020226
20.37876,te,3,3,0.407939,1.436219,0.1016614
20.38999,te,3,3,0.4091428,1.432851,0.101329
20.40125,te,3,3,0.4099539,1.42961,0.1010193
20.41315,te,3,3,0.4109672,1.42631,0.1007115
20.42351,te,3,3,0.4117284,1.423055,0.1002182
20.43465,te,3,3,0.4120057,1.420005,0.0999257
20.44548,te,3,3,0.4122577,1.417084,0.09948725
20.45653,te,3,3,0.4124866,1.414333,0.09933013
20.46777,te,3,3,0.4127463,1.411683,0.09897107
20.47891,te,3,3,0.4128752,1.409086,0.09850472
20.49014,te,3,3,0.4129162,1.406636,0.09812087
20.50118,te,3,3,0.4130221,1.404209,0.09760135
20.51241,te,3,3,0.413003,1.401929,0.09728831
20.52349,te,3,3,0.41271,1.399848,0.09686726
20.53472,te,3,3,0.4123386,1.397939,0.09663004
20.54579,te,3,3,0.4117835,1.39623,0.09624738
20.55686,te,3,3,0.4110454,1.394629,0.09586328
20.56799,te,3,3,0.4103358,1.393392,0.09537882
20.57915,te,3,3,0.409067,1.392328,0.09499496
20.59059,te,3,3,0.4077249,1.391418,0.09462446
20.60146,te,3,3,0.4061275,1.391162,0.09424418
20.6126,te,3,3,0.4044698,1.391081,0.09457034
20.62378,te,3,3,0.4025043,1.391558,0.09460539
20.6348,te,3,3,0.400503,1.392162,0.09428233
20.64593,te,3,3,0.3982242,1.393418,0.0943796
20.65693,te,3,3,0.3957954,1.395053,0.09407943
20.66795,te,3,3,0.3932536,1.397308,0.09410614
20.67908,te,3,3,0.3905888,1.400346,0.09405273
20.6903,te,3,3,0.3879815,1.403404,0.09378332
20.70107,te,3,3,0.3853608,1.406983,0.09368223
20.71205,te,3,3,0.3824113,1.411484,0.0935089
20.72309,te,3,3,0.3793028,1.416111,0.09322995
20.7342,te,3,3,0.3758355,1.421057,0.09316033
20.74538,te,3,3,0.3723891,1.426381,0.09291598
20.75642,te,3,3,0.3683911,1.432263,0.09278604
20.76756,te,3,3,0.3643813,1.43844,0.09273621
20.7788,te,3,3,0.3600519,1.44499,0.09262249
20.78976,te,3,3,0.355444,1.452009,0.09253761
20.80105,te,3,3,0.350461,1.459297,0.09280965
20.81223,te,3,3,0.3453677,1.466977,0.09307715
20.82346,te,3,3,0.3402741,1.474856,0.09307167
20.83458,te,3,3,0.3349958,1.482573,0.09337112
20.84575,te,3,3,0.329243,1.490768,0.09379217
20.85675,te,3,3,0.3234215,1.498745,0.09404108
20.86786,te,3,3,0.3174244,1.506785,0.09452006
20.87896,te,3,3,0.3113022,1.514662,0.09477803
20.8901,te,3,3,0.3048812,1.522536,0.09534404
20.90126,te,3,3,0.2982972,1.5302,0.09567258
20.91229,te,3,3,0.291741,1.537789,0.09615347
20.92326,te,3,3,0.2851511,1.545071,0.0966675
20.93433,te,3,3,0.2781575,1.552108,0.09698793
20.94542,te,3,3,0.271164,1.559023,0.09740278
20.95647,te,3,3,0.2642244,1.565816,0.09767696
20.96745,te,3,3,0.2571679,1.572205,0.0979099
20.97863,te,3,3,0.2500346,1.578583,0.09808275
20.98972,te,3,3,0.2428506,1.584906,0.09820317
21.00105,te,3,3,0.2356212,1.59102,0.09829257
21.01176,te,3,3,0.2283747,1.596662,0.09846924
21.02311,te,3,3,0.2210491,1.602411,0.09856294
21.03409,te,3,3,0.2137196,1.607817,0.09853362
21.04535,te,3,3,0.2065389,1.613082,0.09841441
21.05642,te,3,3,0.1993299,1.618332,0.09829663
21.06757,te,3,3,0.1922262,1.623443,0.09826921
21.07869,te,3,3,0.1850987,1.628335,0.09807825
21.09005,te,3,3,0.1782751,1.632808,0.09786749
21.10079,te,3,3,0.171484,1.637123,0.09757233
21.11194,te,3,3,0.1646824,1.641338,0.09737682
21.12296,te,3,3,0.1581118,1.645226,0.09715557
21.13457,te,3,3,0.1514735,1.649012,0.09700513
21.14532,te,3,3,0.1450131,1.652516,0.09690189
21.15621,te,3,3,0.1385725,1.655728,0.09675765
21.1673,te,3,3,0.1323673,1.658803,0.09660292
21.17866,te,3,3,0.126201,1.661523,0.09642148
21.18936,te,3,3,0.12034,1.664167,0.096205
21.20054,te,3,3,0.1144111,1.666837,0.09601259
21.21181,te,3,3,0.1084021,1.66919,0.09586453
21.22305,te,3,3,0.1025143,1.671539,0.09570503
21.23383,te,3,3,0.09699525,1.673759,0.09533906
21.24491,te,3,3,0.09139574,1.675627,0.09531475
21.25601,te,3,3,0.08591057,1.677436,0.09518338
21.26729,te,3,3,0.08064938,1.67932,0.09506655
21.27845,te,3,3,0.07544959,1.681182,0.0949607
21.28941,te,3,3,0.07022477,1.68296,0.09490443
21.3005,te,3,3,0.06501306,1.684535,0.09487582
21.31161,te,3,3,0.06006623,1.685958,0.09427405
21.32264,te,3,3,0.05518628,1.687348,0.09425069
21.33399,te,3,3,0.05027867,1.688876,0.09401656
21.34506,te,3,3,0.04547047,1.69002,0.09364869
21.356,te,3,3,0.04072177,1.691157,0.09354164
21.3671,te,3,3,0.03615355,1.692198,0.09326793
21.378,te,3,3,0.03143954,1.693278,0.09320521
21.38923,te,3,3,0.02691757,1.694167,0.09304595
21.40044,te,3,3,0.02231883,1.695182,0.09290219
21.41146,te,3,3,0.01793217,1.69608,0.09289885
21.42266,te,3,3,0.01338791,1.696838,0.09269334
21.43375,te,3,3,0.009021157,1.697615,0.09269882
21.44499,te,3,3,0.004729742,1.698157,0.09280396
21.45601,te,3,3,0.0005423958,1.69854,0.09274936
21.46738,te,3,3,-0.003613002,1.698802,0.09299112
21.47853,te,3,3,-0.007872589,1.698766,0.09302164
21.48954,te,3,3,-0.0118748,1.698808,0.09335089
21.50057,te,3,3,-0.01589514,1.698752,0.09356094
21.51165,te,3,3,-0.01990664,1.698552,0.0938945
21.52277,te,3,3,-0.02382231,1.698427,0.09422876
21.53397,te,3,3,-0.02771008,1.698273,0.09458663
21.54471,te,3,3,-0.03168071,1.698022,0.09479596
21.55583,te,3,3,-0.03556395,1.697869,0.09515454
21.567,te,3,3,-0.03941703,1.697636,0.09570552
21.57818,te,3,3,-0.04321051,1.697274,0.09604146
21.58924,te,3,3,-0.04699505,1.696972,0.09665301
21.60037,te,3,3,-0.05081893,1.69651,0.09713676
21.61168,te,3,3,-0.0545826,1.696079,0.09769513
21.62245,te,3,3,-0.05822683,1.695597,0.09831812
21.63339,te,3,3,-0.06186248,1.69509,0.09899428
21.64456,te,3,3,-0.06554294,1.694617,0.09972217
21.65579,te,3,3,-0.0692407,1.694107,0.1001168
21.66711,te,3,3,-0.07292128,1.693479,0.1005354
21.6781,te,3,3,-0.07633103,1.692912,0.10128
21.68903,te,3,3,-0.0797453,1.692294,0.1019039
21.7002,te,3,3,-0.08317698,1.691615,0.1027303
21.71119,te,3,3,-0.08646799,1.691054,0.1034963
21.72228,te,3,3,-0.08960558,1.690296,0.103925
21.73341,te,3,3,-0.09288443,1.689819,0.1047459
21.74447,te,3,3,-0.09608401,1.689311,0.1055799
21.75576,te,3,3,-0.09928073,1.688849,0.1063359
21.76662,te,3,3,-0.1023612,1.688323,0.1069084
21.77771,te,3,3,-0.1056025,1.687848,0.1077831
21.78884,te,3,3,-0.1089306,1.687277,0.1084302
21.79988,te,3,3,-0.1121428,1.686668,0.1091187
21.81099,te,3,3,-0.1153026,1.686087,0.110034
21.82194,te,3,3,-0.1183777,1.685429,0.110987
21.83325,te,3,3,-0.1215419,1.684584,0.1118217
21.84439,te,3,3,-0.1246452,1.683783,0.1128223
21.85555,te,3,3,-0.1275563,1.682804,0.1134816
21.86665,te,3,3,-0.1303381,1.681899,0.1144219
21.87784,te,3,3,-0.1331734,1.680829,0.115263
21.88905,te,3,3,-0.1359621,1.679788,0.116313
21.90017,te,3,3,-0.1386869,1.678719,0.1173742
21.91172,te,3,3,-0.1414122,1.677654,0.1181741
21.92239,te,3,3,-0.1443069,1.67657,0.1191263
21.9336,te,3,3,-0.1470474,1.675386,0.1199813
21.94456,te,3,3,-0.1497878,1.674398,0.1209877
21.95575,te,3,3,-0.1526166,1.673357,0.1218164
21.96699,te,3,3,-0.1553785,1.67235,0.1227014
21.97827,te,3,3,-0.1580651,1.671467,0.1236887
21.98946,te,3,3,-0.1605717,1.670393,0.1243925
22.00064,te,3,3,-0.1629944,1.669395,0.1253817
22.01178,te,3,3,-0.1652277,1.668277,0.1262918
22.02284,te,3,3,-0.167361,1.667438,0.1272869
22.03387,te,3,3,-0.1693608,1.666379,0.1281734
22.045,te,3,3,-0.171255,1.665539,0.1292053
22.05585,te,3,3,-0.1728811,1.664644,0.130136
22.0671,te,3,3,-0.174296,1.66375,0.1312127
22.07807,te,3,3,-0.1753899,1.662974,0.1321388
22.08926,te,3,3,-0.1762843,1.662165,0.1331222
22.10018,te,3,3,-0.1769139,1.661474,0.1344056
22.11129,te,3,3,-0.1773802,1.660739,0.1357417
22.12243,te,3,3,-0.1776718,1.660086,0.1374293
22.13356,te,3,3,-0.1780447,1.659545,0.1390422
22.14445,te,3,3,-0.1779647,1.659003,0.1412897
22.1554,te,3,3,-0.1780847,1.65834,0.1437083
22.1666,te,3,3,-0.1781721,1.65767,0.1463843
22.17766,te,3,3,-0.1782266,1.656987,0.1494499
22.18909,te,3,3,-0.1783667,1.656248,0.1527226
22.20013,te,3,3,-0.1786153,1.655507,0.1559072
22.21133,te,3,3,-0.1790558,1.654779,0.1592331
22.22243,te,3,3,-0.1799414,1.654384,0.1621247
22.23363,te,3,3,-0.1805695,1.653697,0.1651445
22.24475,te,3,3,-0.1813288,1.653437,0.1679058
22.25597,te,3,3,-0.1819925,1.652621,0.1705702
22.26682,te,3,3,-0.1827001,1.651851,0.1728852
22.27796,te,3,3,-0.1833294,1.65124,0.1749196
22.28896,te,3,3,-0.1838548,1.650808,0.1765156
22.30001,te,3,3,-0.1843512,1.650335,0.1778648
22.31101,te,3,3,-0.1847057,1.649963,0.1788986
22.32203,te,3,3,-0.1850474,1.649647,0.1797657
22.33304,te,3,3,-0.1852758,1.649457,0.1803599
22.34397,te,3,3,-0.1854013,1.649359,0.1811819
22.35519,te,3,3,-0.185487,1.64926,0.1816929
22.36655,te,3,3,-0.1854055,1.649498,0.1818221
22.37757,te,3,3,-0.1853557,1.649701,0.1818447
22.38885,te,3,3,-0.1851369,1.650092,0.1816752
22.39988,te,3,3,-0.1848844,1.650505,0.1813648
22.41123,te,3,3,-0.1843311,1.650845,0.1806674
22.42232,te,3,3,-0.1837793,1.651207,0.1801029
22.43309,te,3,3,-0.1833846,1.651639,0.1795092
22.44414,te,3,3,-0.1830295,1.652098,0.1788128
22.45535,te,3,3,-0.1824771,1.652705,0.1778579
22.46657,te,3,3,-0.182052,1.653301,0.1768704
22.47829,te,3,3,-0.1817115,1.653887,0.1757598
22.48882,te,3,3,-0.1813302,1.65451,0.1745434
22.50007,te,3,3,-0.1810303,1.655073,0.1732049
22.51113,te,3,3,-0.1806674,1.655717,0.1717189
22.52235,te,3,3,-0.1804016,1.656367,0.1700588
22.53348,te,3,3,-0.1800217,1.656995,0.1682847
22.54459,te,3,3,-0.1797334,1.657726,0.1663661
22.55563,te,3,3,-0.1794657,1.658446,0.164357
22.56693,te,3,3,-0.179305,1.65906,0.1623495
22.5778,te,3,3,-0.1791477,1.659644,0.1600974
22.58889,te,3,3,-0.1791726,1.660075,0.1581085
22.60006,te,3,3,-0.1792731,1.660482,0.155809
22.61137,te,3,3,-0.1795226,1.66078,0.1535497
22.62232,te,3,3,-0.1798765,1.661131,0.1511181
22.63357,te,3,3,-0.1804098,1.661529,0.1483436
22.64471,te,3,3,-0.1808849,1.661858,0.1455829
22.65581,te,3,3,-0.1812947,1.662153,0.142699
22.66749,te,3,3,-0.1817309,1.66234,0.1396985
22.67832,te,3,3,-0.1820828,1.662465,0.1367483
22.68931,te,3,3,-0.1822083,1.662535,0.1336236
22.70038,te,3,3,-0.1821218,1.66256,0.1304255
22.71135,te,3,3,-0.1818487,1.66265,0.12728
22.72244,te,3,3,-0.1812667,1.662797,0.1240974
22.73359,te,3,3,-0.1806973,1.66296,0.120831
22.74461,te,3,3,-0.1797909,1.663069,0.117508
22.75585,te,3,3,-0.1789534,1.663147,0.1142266
22.7671,te,3,3,-0.1778246,1.663386,0.1109956
22.77814,te,3,3,-0.1766117,1.663663,0.1077888
22.7893,te,3,3,-0.1753446,1.663938,0.1046527
22.80039,te,3,3,-0.1740207,1.66424,0.101578
22.8115,te,3,3,-0.1725298,1.664476,0.09860876
22.82253,te,3,3,-0.1708819,1.664762,0.09572318
22.83368,te,3,3,-0.1692372,1.664979,0.09296682
22.84464,te,3,3,-0.1674089,1.665323,0.09030082
22.85567,te,3,3,-0.1656112,1.665641,0.08769872
22.86674,te,3,3,-0.1637326,1.665942,0.08496168
22.87765,te,3,3,-0.1616798,1.6663,0.08250263
22.88888,te,3,3,-0.1596229,1.666726,0.0801604
22.90005,te,3,3,-0.1574977,1.667167,0.07791927
22.91103,te,3,3,-0.155344,1.667711,0.07576682
22.92202,te,3,3,-0.153235,1.668236,0.07357504
22.93302,te,3,3,-0.1509719,1.668917,0.07173207
22.9442,te,3,3,-0.1487099,1.669603,0.07000115
22.9554,te,3,3,-0.1462869,1.67041,0.06857326
22.96656,te,3,3,-0.1439766,1.671139,0.06734636
22.9777,te,3,3,-0.1415023,1.671947,0.06625082
22.98876,te,3,3,-0.1388243,1.672882,0.0656574
23.00003,te,3,3,-0.1360766,1.673835,0.06519797
23.01131,te,3,3,-0.1332598,1.67481,0.06503703
23.02234,te,3,3,-0.1302643,1.67581,0.06523325
23.03357,te,3,3,-0.127149,1.676768,0.06573369
23.04476,te,3,3,-0.1237142,1.677739,0.06685831
23.05573,te,3,3,-0.1202979,1.678626,0.06818392
23.06662,te,3,3,-0.1166644,1.679367,0.07001951
23.07803,te,3,3,-0.1130067,1.680136,0.0719867
23.08882,te,3,3,-0.109123,1.680736,0.0741327
23.09998,te,3,3,-0.1051789,1.681402,0.07649972
23.11112,te,3,3,-0.1009956,1.681951,0.07930949
23.12212,te,3,3,-0.09684875,1.682506,0.08202484
23.13367,te,3,3,-0.09246244,1.682961,0.08501889
23.14505,te,3,3,-0.08804108,1.683456,0.08825137
23.15548,te,3,3,-0.08331038,1.683809,0.09177019
23.16662,te,3,3,-0.07857288,1.684144,0.09527399
23.17827,te,3,3,-0.07361604,1.684318,0.0989156
23.18891,te,3,3,-0.0684377,1.684406,0.1026001
23.20042,te,3,3,-0.06301416,1.684325,0.1062713
23.21113,te,3,3,-0.05728758,1.684052,0.1099549
23.22224,te,3,3,-0.05169738,1.684017,0.1136036
23.23334,te,3,3,-0.04558897,1.683746,0.1171336
23.24434,te,3,3,-0.03951168,1.683642,0.1205852
23.25563,te,3,3,-0.03322864,1.683498,0.1238644
23.26666,te,3,3,-0.02679563,1.683591,0.127106
23.27775,te,3,3,-0.02022076,1.683693,0.1300118
23.28881,te,3,3,-0.01357412,1.683956,0.1326385
23.30033,te,3,3,-0.0068717,1.68445,0.1352291
23.31086,te,3,3,6.175135E-05,1.685253,0.1373344
23.3218,te,3,3,0.006981613,1.686313,0.1392284
23.33279,te,3,3,0.01395226,1.687402,0.1408985
23.3438,te,3,3,0.0210557,1.688655,0.142072
23.35482,te,3,3,0.0282631,1.689726,0.1429079
23.3664,te,3,3,0.03540612,1.690611,0.1437042
23.37702,te,3,3,0.04261685,1.691378,0.1441071
23.38814,te,3,3,0.04962648,1.692027,0.1443932
23.39917,te,3,3,0.05661011,1.69249,0.1440818
23.41014,te,3,3,0.06337512,1.692847,0.1438012
23.42126,te,3,3,0.06989575,1.693011,0.1432178
23.43219,te,3,3,0.0760522,1.692998,0.142447
23.44319,te,3,3,0.08200336,1.692826,0.1416435
23.45429,te,3,3,0.08759094,1.692622,0.140769
23.46522,te,3,3,0.09259308,1.692218,0.1394324
23.47754,te,3,3,0.0975187,1.691898,0.1381195
23.48777,te,3,3,0.1022488,1.69174,0.1367614
23.49881,te,3,3,0.1062318,1.691532,0.1351047
23.51027,te,3,3,0.1100658,1.691487,0.133245
23.52099,te,3,3,0.1138871,1.691408,0.1314039
23.53221,te,3,3,0.1171571,1.691238,0.1293728
23.5434,te,3,3,0.1199417,1.691031,0.1268802
23.55503,te,3,3,0.1228954,1.690899,0.1242759
23.56559,te,3,3,0.1251812,1.690881,0.1213126
23.57676,te,3,3,0.127473,1.69096,0.118176
23.5879,te,3,3,0.1293245,1.691416,0.1143143
23.59924,te,3,3,0.1306776,1.691904,0.1105847
23.61115,te,3,3,0.1320375,1.692347,0.1067338
23.62155,te,3,3,0.1332657,1.692802,0.1031768
23.63243,te,3,3,0.1338624,1.693166,0.09942698
23.64348,te,3,3,0.1341509,1.693576,0.09598351
23.65461,te,3,3,0.1344072,1.693972,0.09266806
23.66584,te,3,3,0.1339362,1.694144,0.089324
23.67673,te,3,3,0.1336156,1.69439,0.08640575
23.68783,te,3,3,0.1330805,1.694515,0.08354497
23.699,te,3,3,0.1323578,1.69465,0.08106756
23.71005,te,3,3,0.1312883,1.694495,0.07855105
23.72092,te,3,3,0.1302371,1.69434,0.07625151
23.73206,te,3,3,0.1292448,1.694255,0.07422209
23.74308,te,3,3,0.1280808,1.694214,0.07221222
23.75417,te,3,3,0.1270578,1.694543,0.07050443
23.76527,te,3,3,0.1256926,1.694727,0.06866384
23.77643,te,3,3,0.1246197,1.694796,0.06691933
23.78779,te,3,3,0.1233462,1.694584,0.0655694
23.79901,te,3,3,0.1222557,1.694539,0.06430697
23.81007,te,3,3,0.1211441,1.694609,0.06316161
23.82135,te,3,3,0.1199956,1.694928,0.06193471
23.83249,te,3,3,0.1187202,1.695276,0.06087351
23.84369,te,3,3,0.1173793,1.695462,0.05991769
23.85496,te,3,3,0.1161511,1.695616,0.05881119
23.86607,te,3,3,0.1149699,1.695876,0.0578382
23.87722,te,3,3,0.1136834,1.696306,0.05702877
23.88819,te,3,3,0.1124476,1.696648,0.05626464
23.89923,te,3,3,0.1112934,1.696944,0.0553081
23.9104,te,3,3,0.1101663,1.697284,0.05469012
23.92172,te,3,3,0.109014,1.697601,0.05402231
23.93301,te,3,3,0.1077308,1.697961,0.05350852
23.94444,te,3,3,0.1063197,1.698255,0.05293584
23.95519,te,3,3,0.1049724,1.698599,0.0525012
23.96629,te,3,3,0.1036328,1.698883,0.05194116
23.97747,te,3,3,0.1022835,1.69925,0.05163431
23.9885,te,3,3,0.1008883,1.6996,0.05136776
23.99971,te,3,3,0.09940601,1.699914,0.05108953
24.01083,te,3,3,0.09786559,1.700127,0.05091333
24.02184,te,3,3,0.09646309,1.700381,0.05063748
24.03332,te,3,3,0.09484506,1.700654,0.05043149
24.04408,te,3,3,0.09326553,1.70106,0.05017639
24.05521,te,3,3,0.09156382,1.701491,0.04997087
24.06631,te,3,3,0.08984792,1.701995,0.04962207
24.07743,te,3,3,0.08806777,1.702434,0.04941726
24.08833,te,3,3,0.08623409,1.70283,0.04904128
24.09941,te,3,3,0.08449841,1.703144,0.04850817
24.11045,te,3,3,0.08270049,1.703428,0.04807187
24.1216,te,3,3,0.08092892,1.703603,0.0473795
24.1327,te,3,3,0.0791049,1.70384,0.04685282
24.14367,te,3,3,0.07726264,1.70406,0.0462768
24.15495,te,3,3,0.0754174,1.704152,0.04559039
24.16598,te,3,3,0.07330894,1.704135,0.04490422
24.17685,te,3,3,0.07149684,1.703961,0.04386114
24.18776,te,3,3,0.06973302,1.703846,0.04289269
24.19881,te,3,3,0.06804848,1.703669,0.04196572
24.2102,te,3,3,0.06627178,1.703443,0.04098558
24.22085,te,3,3,0.06449223,1.703165,0.03996133
24.23181,te,3,3,0.06278694,1.70287,0.03897785
24.24282,te,3,3,0.06111216,1.702579,0.03807782
24.25393,te,3,3,0.05939901,1.702209,0.03708266
24.26488,te,3,3,0.05775678,1.701833,0.03605198
24.27595,te,3,3,0.05614268,1.701406,0.03493904
24.28705,te,3,3,0.05449187,1.701067,0.03392815
24.29815,te,3,3,0.05288171,1.700737,0.03293323
24.30921,te,3,3,0.0513699,1.70048,0.03206848
24.32037,te,3,3,0.04984688,1.700167,0.03111362
24.3314,te,3,3,0.04844486,1.699756,0.03005504
24.34277,te,3,3,0.04697239,1.699339,0.02915596
24.35381,te,3,3,0.04561996,1.69908,0.02829337
24.36469,te,3,3,0.04421269,1.698745,0.0275383
24.37585,te,3,3,0.04294967,1.698456,0.02677035
24.38673,te,3,3,0.04171144,1.698245,0.02608442
24.39788,te,3,3,0.04056012,1.69806,0.0254395
24.40894,te,3,3,0.03943919,1.697906,0.02479481
24.4201,te,3,3,0.03847956,1.69785,0.02374363
24.43146,te,3,3,0.03745066,1.697822,0.02323198
24.44224,te,3,3,0.03633463,1.697776,0.02272725
24.45343,te,3,3,0.0353682,1.697589,0.02186155
24.46453,te,3,3,0.03447782,1.697451,0.02139783
24.47585,te,3,3,0.03353273,1.697364,0.02092385
24.48695,te,3,3,0.03280758,1.697304,0.02053809
24.49803,te,3,3,0.03200101,1.697196,0.02014827
24.50909,te,3,3,0.03133213,1.697089,0.01983952
24.52034,te,3,3,0.03071677,1.696957,0.01959967
24.53137,te,3,3,0.03021049,1.696781,0.01940536
24.543,te,3,3,0.02971052,1.696609,0.01925802
24.55389,te,3,3,0.02925324,1.696419,0.01919102
24.56524,te,3,3,0.02884518,1.696342,0.01918077
24.57652,te,3,3,0.02844357,1.696242,0.01930213
24.5876,te,3,3,0.02814948,1.696183,0.01946473
24.59879,te,3,3,0.02789175,1.695945,0.01933622
24.61011,te,3,3,0.02779006,1.69576,0.01957821
24.62112,te,3,3,0.02791177,1.695473,0.01968741
24.63231,te,3,3,0.02806436,1.695216,0.01981759
24.64349,te,3,3,0.02829217,1.695067,0.02017593
24.65465,te,3,3,0.02854573,1.694747,0.02068066
24.66581,te,3,3,0.02903341,1.694457,0.02133202
24.67698,te,3,3,0.02954446,1.694141,0.02194142
24.68807,te,3,3,0.03022765,1.694012,0.02272153
24.69925,te,3,3,0.03096341,1.693835,0.02356553
24.71028,te,3,3,0.03188657,1.693689,0.02444744
24.7215,te,3,3,0.03281473,1.693489,0.02538109
24.73287,te,3,3,0.03382825,1.693276,0.02618766
24.74371,te,3,3,0.03495275,1.692812,0.02731609
24.75483,te,3,3,0.03609263,1.692215,0.02834177
24.76595,te,3,3,0.03730416,1.691688,0.02957582
24.77702,te,3,3,0.03842687,1.690989,0.03098058
24.78821,te,3,3,0.03979158,1.690245,0.03247118
24.79916,te,3,3,0.04108011,1.689485,0.03402233
24.81029,te,3,3,0.04251718,1.688684,0.03567814
24.82142,te,3,3,0.04398488,1.687883,0.03731465
24.83244,te,3,3,0.04536509,1.68707,0.03905749
24.84333,te,3,3,0.04664587,1.686165,0.04081726
24.85419,te,3,3,0.04791104,1.685262,0.04265856
24.86545,te,3,3,0.04917693,1.684214,0.04445361
24.87622,te,3,3,0.05049145,1.683188,0.04640221
24.88743,te,3,3,0.05177736,1.681972,0.04842758
24.89865,te,3,3,0.05298746,1.680878,0.05042529
24.9098,te,3,3,0.05417013,1.679783,0.05245852
24.92088,te,3,3,0.05521238,1.678922,0.05447173
24.93202,te,3,3,0.05622232,1.678028,0.05643034
24.94314,te,3,3,0.05725181,1.677271,0.0583806
24.95414,te,3,3,0.05829334,1.67657,0.06030536
24.96531,te,3,3,0.05933535,1.675966,0.06205463
24.97631,te,3,3,0.06040263,1.675224,0.0639286
24.98746,te,3,3,0.06141603,1.674617,0.06584883
24.99868,te,3,3,0.06262815,1.674057,0.06766177
25.00988,te,3,3,0.06372452,1.67355,0.06958676
25.02111,te,3,3,0.06490076,1.67306,0.07135988
25.03196,te,3,3,0.0661273,1.672445,0.07310963
25.04312,te,3,3,0.06744313,1.671949,0.07492734
25.05402,te,3,3,0.06877208,1.671296,0.07662631
25.06516,te,3,3,0.07020903,1.670798,0.0783608
25.07635,te,3,3,0.07174063,1.670239,0.0800202
25.08751,te,3,3,0.07319582,1.669483,0.0816424
25.09857,te,3,3,0.07485974,1.668536,0.08327485
25.10963,te,3,3,0.07648671,1.667429,0.08487798
25.12088,te,3,3,0.07824433,1.666311,0.08650614
25.13227,te,3,3,0.08000422,1.665097,0.08817054
25.14339,te,3,3,0.08177197,1.663806,0.08974815
25.1543,te,3,3,0.08351302,1.662489,0.09129859
25.16548,te,3,3,0.08524263,1.661141,0.09309316
25.17663,te,3,3,0.08703733,1.659819,0.09466291
25.18783,te,3,3,0.08878899,1.658488,0.09627724
25.19908,te,3,3,0.09071553,1.657207,0.0978663
25.2102,te,3,3,0.09259499,1.655953,0.09944964
25.22134,te,3,3,0.09464754,1.654646,0.1010053
25.23242,te,3,3,0.09660436,1.653039,0.1026092
25.24357,te,3,3,0.09882511,1.651174,0.1041515
25.25488,te,3,3,0.1009637,1.649113,0.1056972
25.26578,te,3,3,0.1032449,1.647043,0.1073837
25.27687,te,3,3,0.1056355,1.645124,0.1089208
25.28796,te,3,3,0.1079949,1.643344,0.1104352
25.29908,te,3,3,0.1105026,1.641632,0.111918
25.31004,te,3,3,0.112913,1.640218,0.1132998
25.32105,te,3,3,0.1155431,1.638713,0.1148086
25.33213,te,3,3,0.1182047,1.637096,0.1162791
25.34321,te,3,3,0.1209192,1.63537,0.1177695
25.35435,te,3,3,0.1236957,1.633448,0.1193888
25.36558,te,3,3,0.1265417,1.631495,0.1210241
25.37644,te,3,3,0.1292262,1.629554,0.1226101
25.38739,te,3,3,0.1320819,1.627682,0.1244535
25.39872,te,3,3,0.1350336,1.625879,0.126133
25.40994,te,3,3,0.1381582,1.623977,0.1277106
25.421,te,3,3,0.1416165,1.622085,0.1293905
25.43204,te,3,3,0.1449888,1.62001,0.1310906
25.44334,te,3,3,0.1483905,1.617848,0.1328175
25.45421,te,3,3,0.1519871,1.615592,0.1345513
25.46555,te,3,3,0.1555212,1.613117,0.1363978
25.47666,te,3,3,0.1591368,1.610602,0.1382434
25.48775,te,3,3,0.1627867,1.607957,0.1401093
25.49882,te,3,3,0.1666894,1.605112,0.1420074
25.50983,te,3,3,0.1703355,1.60227,0.1438344
25.52089,te,3,3,0.1740031,1.599501,0.1460643
25.5322,te,3,3,0.1777766,1.596428,0.1478932
25.54289,te,3,3,0.1813588,1.593478,0.1499431
25.55385,te,3,3,0.1850925,1.590492,0.1517992
25.56488,te,3,3,0.1887298,1.58742,0.1538706
25.57596,te,3,3,0.1923466,1.584317,0.1557636
25.58702,te,3,3,0.196019,1.58094,0.1577446
25.59823,te,3,3,0.1996877,1.577656,0.1596351
25.6093,te,3,3,0.2032097,1.57434,0.1614289
25.62041,te,3,3,0.2066951,1.571154,0.1631133
25.63141,te,3,3,0.2100878,1.567994,0.164756
25.64278,te,3,3,0.2134497,1.564757,0.1664116
25.65373,te,3,3,0.2167497,1.561757,0.1680381
25.66493,te,3,3,0.2197841,1.558709,0.1694772
25.67616,te,3,3,0.2229023,1.555896,0.1707535
25.68735,te,3,3,0.2259579,1.553107,0.171942
25.69847,te,3,3,0.228827,1.550573,0.172976
25.70946,te,3,3,0.231587,1.548192,0.1740765
25.72065,te,3,3,0.2342546,1.545821,0.1751385
25.73154,te,3,3,0.2367204,1.543783,0.1760323
25.74267,te,3,3,0.2390373,1.541851,0.1766522
25.75378,te,3,3,0.2412746,1.540132,0.1773357
25.76488,te,3,3,0.2433584,1.53867,0.177758
25.77592,te,3,3,0.2451494,1.537552,0.1780259
25.78685,te,3,3,0.2467704,1.536507,0.1783185
25.79802,te,3,3,0.2478264,1.536139,0.1783008
25.80923,te,3,3,0.249065,1.535758,0.1789007
25.82003,te,3,3,0.2500024,1.535894,0.178751
25.83117,te,3,3,0.2509497,1.536134,0.178426
25.84259,te,3,3,0.2514887,1.536783,0.1783745
25.85402,te,3,3,0.2519758,1.537708,0.1778586
25.86484,te,3,3,0.2520698,1.539075,0.1771936
25.87593,te,3,3,0.2520216,1.540556,0.1764927
25.88712,te,3,3,0.2515905,1.542401,0.1757297
25.89819,te,3,3,0.2507644,1.544702,0.1748304
25.90934,te,3,3,0.249727,1.547054,0.1738198
25.92053,te,3,3,0.2484939,1.549787,0.1730537
25.93182,te,3,3,0.2469786,1.55293,0.1718671
25.94308,te,3,3,0.2452252,1.556649,0.1706483
25.95415,te,3,3,0.2431441,1.5607,0.1694429
25.96531,te,3,3,0.2408624,1.564973,0.1680493
25.97658,te,3,3,0.2384882,1.569534,0.1666903
25.98768,te,3,3,0.2358558,1.574321,0.1652286
25.99872,te,3,3,0.2330649,1.579495,0.1639662
26.00988,te,3,3,0.2301348,1.58483,0.1625347
26.02097,te,3,3,0.2268763,1.590773,0.1613943
26.0322,te,3,3,0.2235518,1.596888,0.1601086
26.04326,te,3,3,0.2200501,1.603169,0.1587195
26.05421,te,3,3,0.2161832,1.609694,0.1576359
26.06543,te,3,3,0.2122245,1.616302,0.156254
26.07651,te,3,3,0.2078686,1.623042,0.1550183
26.08765,te,3,3,0.2033418,1.629476,0.1535365
26.09877,te,3,3,0.1982692,1.635603,0.1520505
26.10988,te,3,3,0.1933587,1.641296,0.1504009
26.12107,te,3,3,0.1884291,1.646756,0.1487667
26.13218,te,3,3,0.1834018,1.652038,0.1470215
26.14319,te,3,3,0.1780498,1.656795,0.1453025
26.15427,te,3,3,0.1728132,1.661416,0.1437597
26.16533,te,3,3,0.1677189,1.665986,0.1421423
26.17627,te,3,3,0.1624873,1.670053,0.14043
26.18729,te,3,3,0.1574474,1.674235,0.1388941
26.19836,te,3,3,0.1523807,1.677993,0.1371043
26.20953,te,3,3,0.1471229,1.681576,0.135474
26.22051,te,3,3,0.1418777,1.684696,0.1337447
26.23184,te,3,3,0.136536,1.687648,0.1321723
26.24269,te,3,3,0.1314582,1.69048,0.1305263
26.25379,te,3,3,0.1263219,1.693103,0.1288302
26.26486,te,3,3,0.1212814,1.69564,0.1270926
26.27573,te,3,3,0.1163467,1.697698,0.1255162
26.28688,te,3,3,0.1113973,1.699778,0.123775
26.29803,te,3,3,0.1064224,1.701729,0.122263
26.30919,te,3,3,0.1015583,1.703389,0.1206985
26.32042,te,3,3,0.09688999,1.704852,0.1190693
26.33154,te,3,3,0.09243263,1.706033,0.1177013
26.34277,te,3,3,0.08818067,1.707346,0.116281
26.35394,te,3,3,0.0839088,1.708432,0.1149623
26.36494,te,3,3,0.08013011,1.709259,0.1135814
26.37598,te,3,3,0.07632614,1.709954,0.1118305
26.38723,te,3,3,0.07266963,1.710513,0.1104493
26.39837,te,3,3,0.06923199,1.710812,0.1087384
26.40937,te,3,3,0.06605209,1.711149,0.1073058
26.42064,te,3,3,0.06282163,1.711457,0.1057894
26.43168,te,3,3,0.05959118,1.711837,0.1044829
26.44297,te,3,3,0.05659962,1.712137,0.1031151
26.45373,te,3,3,0.0536722,1.712342,0.1018624
26.46491,te,3,3,0.050753,1.712589,0.1006053
26.47604,te,3,3,0.047786,1.712581,0.09923197
26.48728,te,3,3,0.04478908,1.712717,0.09813954
26.49825,te,3,3,0.04182649,1.712959,0.0970142
26.50936,te,3,3,0.03861809,1.713246,0.09594275
26.52036,te,3,3,0.03551138,1.713509,0.09489538
26.53162,te,3,3,0.03231918,1.7136,0.09312226
26.54244,te,3,3,0.02933478,1.71379,0.09201479
26.55346,te,3,3,0.02629149,1.713604,0.09054995
26.56462,te,3,3,0.02311897,1.713523,0.08928943
26.5757,te,3,3,0.01994311,1.71359,0.08823181
26.58694,te,3,3,0.01668918,1.713486,0.08677555
26.59813,te,3,3,0.01344049,1.713504,0.085634
26.60931,te,3,3,0.01022446,1.713348,0.08416653
26.62054,te,3,3,0.006892914,1.713203,0.08288337
26.63173,te,3,3,0.003656977,1.713123,0.08166552
26.64289,te,3,3,0.0005280907,1.712878,0.08011318
26.65416,te,3,3,-0.00262583,1.712729,0.07884479
26.66524,te,3,3,-0.005706436,1.712477,0.07736183
26.67637,te,3,3,-0.008728988,1.712221,0.07607818
26.68745,te,3,3,-0.01175977,1.711912,0.07473708
26.69862,te,3,3,-0.01469792,1.711497,0.07329918
26.70961,te,3,3,-0.01761163,1.711198,0.07210303
26.72076,te,3,3,-0.02027,1.710811,0.07063556
26.7319,te,3,3,-0.02315999,1.710518,0.0695231
26.74277,te,3,3,-0.02591253,1.710155,0.06830622
26.75402,te,3,3,-0.0286913,1.709701,0.0672629
26.765,te,3,3,-0.03135945,1.709173,0.06578161
26.776,te,3,3,-0.03415013,1.708601,0.06453849
26.78711,te,3,3,-0.03697492,1.708129,0.06349327
26.79821,te,3,3,-0.03990461,1.707711,0.06235219
26.80938,te,3,3,-0.04288496,1.707225,0.06132413
26.82036,te,3,3,-0.04583014,1.706731,0.06009484
26.83154,te,3,3,-0.04889812,1.706224,0.059016
26.84266,te,3,3,-0.05208172,1.705643,0.05761673
26.85393,te,3,3,-0.05527689,1.705081,0.05631615
26.86515,te,3,3,-0.05845238,1.704502,0.0551715
26.87623,te,3,3,-0.06155004,1.703856,0.05388261
26.88754,te,3,3,-0.06468059,1.703223,0.05280234
26.8985,te,3,3,-0.06776167,1.702609,0.05154683
26.90958,te,3,3,-0.07095052,1.701889,0.05045249
26.92058,te,3,3,-0.07409371,1.701011,0.04892923
26.93163,te,3,3,-0.0772716,1.700243,0.04783989
26.94266,te,3,3,-0.0804757,1.699505,0.04674507
26.95384,te,3,3,-0.08380629,1.698857,0.0455196
26.96502,te,3,3,-0.08710434,1.698049,0.04421974
26.97609,te,3,3,-0.09034087,1.69744,0.04308582
26.98718,te,3,3,-0.093632,1.696789,0.04186226
26.9983,te,3,3,-0.0968453,1.696139,0.04068591
27.00944,te,3,3,-0.1000439,1.695299,0.03926804
27.02051,te,3,3,-0.1031232,1.694652,0.03797247
27.03162,te,3,3,-0.1062622,1.69391,0.03650738
27.04266,te,3,3,-0.1092607,1.693224,0.03519632
27.05368,te,3,3,-0.1122839,1.692541,0.03387119
27.06498,te,3,3,-0.1152444,1.691847,0.03248502
27.07594,te,3,3,-0.1180829,1.69105,0.03120615
27.08688,te,3,3,-0.1208744,1.690246,0.03004338
27.09789,te,3,3,-0.123531,1.689431,0.02889921
27.10896,te,3,3,-0.1262342,1.688522,0.0279174
27.12008,te,3,3,-0.1288872,1.687728,0.02664615
27.13138,te,3,3,-0.1315687,1.686867,0.02576496
27.14223,te,3,3,-0.134317,1.686056,0.02467157
27.15329,te,3,3,-0.1369253,1.685207,0.02342774
27.16452,te,3,3,-0.1395976,1.684448,0.02256538
27.17532,te,3,3,-0.1421891,1.683793,0.02164604
27.18643,te,3,3,-0.1448003,1.683046,0.02084614
27.19747,te,3,3,-0.1472626,1.68233,0.02016546
27.20844,te,3,3,-0.1497672,1.681567,0.01955034
27.21943,te,3,3,-0.1523513,1.68085,0.01887061
27.23039,te,3,3,-0.1548577,1.680206,0.01835252
27.24156,te,3,3,-0.1572908,1.679751,0.01789381
27.25256,te,3,3,-0.159586,1.679163,0.01725413
27.26367,te,3,3,-0.1617587,1.678535,0.01678945
27.27484,te,3,3,-0.1638742,1.678046,0.01618625
27.28599,te,3,3,-0.165852,1.677489,0.01556112
27.29723,te,3,3,-0.1676268,1.677114,0.01506235
27.30849,te,3,3,-0.1694874,1.676602,0.01438548
27.31976,te,3,3,-0.1710186,1.676472,0.0137365
27.33097,te,3,3,-0.1724682,1.676093,0.01310708
27.34205,te,3,3,-0.1737308,1.675879,0.01255609
27.35338,te,3,3,-0.1747408,1.67561,0.0118847
27.36445,te,3,3,-0.1758073,1.675281,0.01125027
27.37559,te,3,3,-0.1767141,1.675102,0.01054908
27.38663,te,3,3,-0.1773495,1.674944,0.009937778
27.39781,te,3,3,-0.1780775,1.674785,0.00924255
27.4088,te,3,3,-0.1784834,1.674679,0.008739963
27.42011,te,3,3,-0.178903,1.674609,0.008278146
27.43136,te,3,3,-0.1793442,1.674509,0.007823482
27.44242,te,3,3,-0.1796707,1.674504,0.007396474
27.45353,te,3,3,-0.1799209,1.67443,0.00697805
27.46474,te,3,3,-0.1799954,1.674579,0.00646688
27.47635,te,3,3,-0.1799063,1.674632,0.006149784
27.48712,te,3,3,-0.1797738,1.674818,0.005940214
27.49811,te,3,3,-0.1795405,1.675149,0.005909219
27.50933,te,3,3,-0.1793548,1.67534,0.005837455
27.52044,te,3,3,-0.1788998,1.675616,0.005723491
27.53163,te,3,3,-0.1785093,1.67587,0.005759969
27.54259,te,3,3,-0.1779585,1.676276,0.005860105
27.55367,te,3,3,-0.1774022,1.676658,0.005935922
27.56487,te,3,3,-0.1766748,1.677174,0.006047264
27.57589,te,3,3,-0.1758938,1.677659,0.006233707
27.58707,te,3,3,-0.1750641,1.678204,0.006580606
27.59811,te,3,3,-0.1742034,1.679021,0.006851926
27.60907,te,3,3,-0.1732285,1.679593,0.007279649
27.6205,te,3,3,-0.1719116,1.68034,0.007705227
27.63129,te,3,3,-0.1707563,1.680912,0.008167282
27.64233,te,3,3,-0.1693607,1.681681,0.008740917
27.65334,te,3,3,-0.1678638,1.682309,0.009279504
27.66425,te,3,3,-0.1663095,1.683044,0.009886995
27.67537,te,3,3,-0.1646508,1.683718,0.01054527
27.68653,te,3,3,-0.162798,1.684539,0.01123048
27.69767,te,3,3,-0.1607466,1.685413,0.01195361
27.70879,te,3,3,-0.1587768,1.686182,0.01257803
27.72002,te,3,3,-0.1568078,1.686938,0.01319124
27.73117,te,3,3,-0.1545464,1.687877,0.01382782
27.7426,te,3,3,-0.1523313,1.688633,0.01456358
27.75358,te,3,3,-0.1498921,1.689389,0.01519515
27.76493,te,3,3,-0.1475878,1.689995,0.01591469
27.77571,te,3,3,-0.1450308,1.690697,0.01669313
27.78692,te,3,3,-0.1426407,1.691362,0.01744129
27.79794,te,3,3,-0.1400824,1.691979,0.0183387
27.80896,te,3,3,-0.1376741,1.69256,0.01919653
27.8201,te,3,3,-0.1351866,1.693057,0.02018668
27.83113,te,3,3,-0.1326881,1.693673,0.02101637
27.84227,te,3,3,-0.1302446,1.694115,0.02183606
27.85329,te,3,3,-0.1277373,1.694531,0.0226505
27.86471,te,3,3,-0.1251959,1.694985,0.02353097
27.8757,te,3,3,-0.1226559,1.695387,0.02432539
27.88686,te,3,3,-0.1200253,1.695854,0.02519824
27.89813,te,3,3,-0.1173785,1.696377,0.02609636
27.90924,te,3,3,-0.1148365,1.696769,0.02686264
27.9201,te,3,3,-0.1123585,1.69715,0.02756883
27.93112,te,3,3,-0.1098253,1.697556,0.02829696
27.94213,te,3,3,-0.1072607,1.697935,0.02898981
27.95321,te,3,3,-0.1045691,1.698436,0.0297897
27.9644,te,3,3,-0.1017866,1.698743,0.0303662
27.97542,te,3,3,-0.09913698,1.698995,0.03103758
27.98652,te,3,3,-0.09648672,1.699243,0.0317917
27.9977,te,3,3,-0.09373297,1.699565,0.03245283
28.00864,te,3,3,-0.09104599,1.699793,0.03325845
28.0198,te,3,3,-0.0883577,1.700072,0.03399945
28.03089,te,3,3,-0.08558609,1.700167,0.0346675
28.0418,te,3,3,-0.08277227,1.700248,0.03544236
28.05301,te,3,3,-0.07981707,1.70037,0.03646303
28.06411,te,3,3,-0.07677831,1.700399,0.03728415
28.07534,te,3,3,-0.07379057,1.700335,0.03816987
28.08663,te,3,3,-0.07060279,1.700199,0.03903366
28.09743,te,3,3,-0.06732251,1.699964,0.0399623
28.10853,te,3,3,-0.06394531,1.699616,0.04079462
28.11961,te,3,3,-0.0604247,1.699219,0.04172803
28.13079,te,3,3,-0.056852,1.69872,0.0427878
28.14177,te,3,3,-0.05314447,1.698197,0.0439334
28.15282,te,3,3,-0.04924991,1.697338,0.04501773
28.16395,te,3,3,-0.04536368,1.696473,0.04630709
28.17505,te,3,3,-0.04145302,1.695557,0.04745842
28.18612,te,3,3,-0.03740145,1.69448,0.04873706
28.19742,te,3,3,-0.03324569,1.693388,0.0500157
28.2083,te,3,3,-0.02920176,1.692136,0.05124022
28.21932,te,3,3,-0.02498091,1.690714,0.05239416
28.2305,te,3,3,-0.02078367,1.68927,0.05359412
28.24175,te,3,3,-0.01664592,1.687825,0.05479003
28.25306,te,3,3,-0.01243735,1.686326,0.05606008
28.26397,te,3,3,-0.008378275,1.684916,0.05723429
28.2752,te,3,3,-0.004314549,1.683439,0.05870295
28.28652,te,3,3,-0.0002722806,1.681895,0.05989838
28.29752,te,3,3,0.00394153,1.680435,0.06127144
28.30884,te,3,3,0.007907385,1.678809,0.06245518
28.31995,te,3,3,0.0118165,1.677165,0.0638094
28.33083,te,3,3,0.01556897,1.675493,0.06495143
28.34198,te,3,3,0.01929151,1.673843,0.06609226
28.35305,te,3,3,0.02306592,1.672111,0.06734491
28.36437,te,3,3,0.0267806,1.670428,0.0684557
28.37532,te,3,3,0.03075242,1.668666,0.06954074
28.38664,te,3,3,0.03447461,1.66687,0.07070661
28.39773,te,3,3,0.03806138,1.664958,0.07176757
28.40867,te,3,3,0.04167735,1.663013,0.07274485
28.41995,te,3,3,0.0453546,1.661315,0.07381964
28.43103,te,3,3,0.04918742,1.659554,0.07476687
28.44239,te,3,3,0.05301547,1.657919,0.07574631
28.45326,te,3,3,0.05698228,1.656293,0.07693172
28.4644,te,3,3,0.06085312,1.654762,0.07782937
28.47538,te,3,3,0.06481087,1.653123,0.07869769
28.48675,te,3,3,0.06891394,1.6514,0.07955623
28.49744,te,3,3,0.07303429,1.649577,0.08087183
28.50859,te,3,3,0.07723224,1.64756,0.08167029
28.51965,te,3,3,0.0814265,1.645305,0.08270717
28.53074,te,3,3,0.0857203,1.643031,0.08338834
28.5419,te,3,3,0.08986604,1.640826,0.08422447
28.55293,te,3,3,0.09423149,1.638537,0.08492088
28.56413,te,3,3,0.09877969,1.636199,0.0857389
28.57518,te,3,3,0.10325,1.633785,0.08628917
28.5862,te,3,3,0.1077845,1.631315,0.08694267
28.59731,te,3,3,0.1123654,1.628593,0.08746099
28.60836,te,3,3,0.116992,1.625973,0.08792233
28.6198,te,3,3,0.1217095,1.623292,0.08860183
28.63089,te,3,3,0.1264309,1.620721,0.08920169
28.64192,te,3,3,0.1311346,1.618061,0.08964419
28.65302,te,3,3,0.1358407,1.615479,0.09011865
28.66413,te,3,3,0.1405594,1.61285,0.09054852
28.67532,te,3,3,0.1453197,1.610117,0.0915041
28.6862,te,3,3,0.1499126,1.607313,0.09196162
28.69731,te,3,3,0.1543036,1.604451,0.09293985
28.70832,te,3,3,0.1588871,1.601702,0.09345531
28.71944,te,3,3,0.1635385,1.599115,0.09416533
28.73067,te,3,3,0.168149,1.596747,0.09473491
28.74159,te,3,3,0.1729922,1.594471,0.09548235
28.75275,te,3,3,0.1777284,1.592148,0.09646153
28.76384,te,3,3,0.1824443,1.589776,0.09704804
28.77499,te,3,3,0.1872754,1.58726,0.09785151
28.78618,te,3,3,0.1919399,1.584711,0.09873103
28.79721,te,3,3,0.1965101,1.582012,0.09968041
28.80831,te,3,3,0.2012585,1.579182,0.1002281
28.81952,te,3,3,0.2060395,1.576452,0.1009931
28.83079,te,3,3,0.2107377,1.573408,0.1014578
28.84181,te,3,3,0.2155037,1.5705,0.1021111
28.85302,te,3,3,0.2202812,1.56723,0.1023803
28.8641,te,3,3,0.2250116,1.563965,0.1026106
28.87498,te,3,3,0.2297061,1.560664,0.1028082
28.88601,te,3,3,0.2344115,1.557242,0.1029415
28.89711,te,3,3,0.2389179,1.553856,0.103627
28.90821,te,3,3,0.243505,1.550132,0.103652
28.91934,te,3,3,0.2480099,1.546498,0.1039524
28.93052,te,3,3,0.2524088,1.542906,0.103919
28.94123,te,3,3,0.2566498,1.539484,0.1038055
28.9522,te,3,3,0.2608815,1.536215,0.1043403
28.96353,te,3,3,0.2650059,1.532888,0.10427
28.97428,te,3,3,0.2690273,1.529671,0.1044242
28.98557,te,3,3,0.2730275,1.526417,0.1042835
28.99672,te,3,3,0.2768689,1.523259,0.104371
29.00777,te,3,3,0.2806337,1.520225,0.1042149
29.0187,te,3,3,0.284488,1.517312,0.1043079
29.03028,te,3,3,0.2883559,1.514363,0.1042878
29.04122,te,3,3,0.2919195,1.511535,0.1040966
29.05211,te,3,3,0.2955127,1.508752,0.1040301
29.0633,te,3,3,0.2989381,1.506139,0.1038427
29.07458,te,3,3,0.3023232,1.503592,0.1039493
29.08567,te,3,3,0.3056238,1.501147,0.1041157
29.09675,te,3,3,0.308673,1.498684,0.1040458
29.10797,te,3,3,0.3115574,1.496233,0.1039879
29.11898,te,3,3,0.3143132,1.493806,0.1039595
29.13012,te,3,3,0.3168772,1.491461,0.1039695
29.14125,te,3,3,0.3192855,1.489253,0.103954
29.15226,te,3,3,0.3217192,1.487257,0.1048009
29.1635,te,3,3,0.3237658,1.485505,0.1053178
29.17482,te,3,3,0.3257805,1.483619,0.1054809
29.18584,te,3,3,0.3275843,1.482004,0.105639
29.19709,te,3,3,0.3291152,1.480656,0.106224
29.20818,te,3,3,0.3306511,1.479266,0.106888
29.2193,te,3,3,0.3319479,1.478212,0.1074559
29.23041,te,3,3,0.3329373,1.477283,0.1078062
29.24149,te,3,3,0.3339191,1.476608,0.1083994
29.25301,te,3,3,0.3350089,1.476057,0.1086831
29.26369,te,3,3,0.3355938,1.475756,0.1090827
29.27484,te,3,3,0.3361498,1.475648,0.1094141
29.28592,te,3,3,0.3364232,1.475708,0.1098339
29.29718,te,3,3,0.3365594,1.475986,0.1109342
29.30832,te,3,3,0.3366118,1.47649,0.1113987
29.31949,te,3,3,0.3363555,1.47738,0.1124527
29.33088,te,3,3,0.3360918,1.478299,0.1130113
29.34166,te,3,3,0.3357068,1.479435,0.1139142
29.353,te,3,3,0.3350576,1.480843,0.1145348
29.36386,te,3,3,0.3344839,1.482232,0.1153674
29.37504,te,3,3,0.3334573,1.483988,0.1160178
29.38605,te,3,3,0.3325341,1.485591,0.1166529
29.39763,te,3,3,0.3313556,1.487452,0.1173057
29.40822,te,3,3,0.3298226,1.489645,0.1183524
29.41943,te,3,3,0.3283198,1.491816,0.1190164
29.43044,te,3,3,0.3266328,1.494223,0.1200101
29.44161,te,3,3,0.3249016,1.496524,0.1207313
29.45271,te,3,3,0.3229831,1.499113,0.1216151
29.46376,te,3,3,0.3209298,1.501707,0.1225266
29.47495,te,3,3,0.3187459,1.504372,0.1232762
29.48606,te,3,3,0.3162797,1.507148,0.1242547
29.49729,te,3,3,0.3136922,1.510016,0.1249902
29.50828,te,3,3,0.3110068,1.512982,0.1259665
29.51949,te,3,3,0.3081079,1.515911,0.1266865
29.53051,te,3,3,0.3051506,1.518862,0.1275167
29.54175,te,3,3,0.3022087,1.521899,0.1285693
29.55263,te,3,3,0.2990382,1.524933,0.1293387
29.56373,te,3,3,0.2958179,1.528018,0.1302061
29.57486,te,3,3,0.2925122,1.53119,0.1309256
29.58588,te,3,3,0.2891346,1.534262,0.1317341
29.59734,te,3,3,0.2856146,1.537275,0.1324722
29.60813,te,3,3,0.2818437,1.540402,0.1335122
29.61918,te,3,3,0.2783025,1.543332,0.1342354
29.6302,te,3,3,0.2746952,1.546216,0.1349456
29.6414,te,3,3,0.2709342,1.549038,0.1357803
29.65264,te,3,3,0.2671297,1.551796,0.1364779
29.66383,te,3,3,0.2631336,1.554571,0.1374898
29.67464,te,3,3,0.2590442,1.557087,0.1383345
29.68591,te,3,3,0.2550674,1.55963,0.1390171
29.69708,te,3,3,0.2509509,1.561996,0.1397581
29.70802,te,3,3,0.246948,1.564328,0.1404447
29.71926,te,3,3,0.2429009,1.566578,0.1413095
29.73031,te,3,3,0.2388966,1.568739,0.1420112
29.7415,te,3,3,0.2347863,1.570881,0.1428482
29.75312,te,3,3,0.2307322,1.572734,0.1436586
29.76357,te,3,3,0.2268064,1.574643,0.1444042
29.77441,te,3,3,0.2229104,1.576449,0.1450643
29.78558,te,3,3,0.2189894,1.578332,0.1458549
29.79673,te,3,3,0.2150505,1.580234,0.1468596
29.80791,te,3,3,0.211164,1.582121,0.1477742
29.81894,te,3,3,0.2074075,1.583852,0.1487007
29.83004,te,3,3,0.2036498,1.585571,0.1496479
29.84102,te,3,3,0.2001455,1.587254,0.1506104
29.85207,te,3,3,0.1965304,1.588917,0.1516795
29.86326,te,3,3,0.1930604,1.590623,0.1527269
29.8744,te,3,3,0.1894527,1.592301,0.1540036
29.88567,te,3,3,0.1860049,1.59394,0.1550767
29.89689,te,3,3,0.1825216,1.595423,0.156179
29.90804,te,3,3,0.1789591,1.59684,0.1572514
29.91944,te,3,3,0.1756883,1.598328,0.1582422
29.93046,te,3,3,0.1724398,1.599818,0.1592221
29.94151,te,3,3,0.1693087,1.601217,0.1600394
29.9526,te,3,3,0.1661077,1.602574,0.1609006
29.9637,te,3,3,0.1629861,1.603829,0.1615026
29.97875,te,3,3,0.1599624,1.60515,0.1621699
29.98585,te,3,3,0.1569915,1.606321,0.1627469
29.99694,te,3,3,0.1540232,1.607485,0.1632237
30.00803,te,3,3,0.151149,1.608729,0.163522
30.01896,te,3,3,0.1482864,1.609903,0.1638114
30.03013,te,3,3,0.1453881,1.611106,0.1638899
30.04103,te,3,3,0.1426952,1.612173,0.1636741
30.05222,te,3,3,0.1400627,1.613351,0.1633759
30.06305,te,3,3,0.1374128,1.614531,0.1630173
30.07418,te,3,3,0.1348156,1.615608,0.1625378
30.08544,te,3,3,0.131737,1.616678,0.1621156
30.09662,te,3,3,0.1292703,1.617815,0.1614556
30.10788,te,3,3,0.1267941,1.618966,0.1607249
30.11887,te,3,3,0.1244124,1.620171,0.1600027
30.13008,te,3,3,0.1220116,1.621317,0.1590691
30.14116,te,3,3,0.1197853,1.622297,0.1579201
30.15235,te,3,3,0.1174503,1.623361,0.1568332
30.16346,te,3,3,0.1152693,1.624442,0.1555948
30.17464,te,3,3,0.1131219,1.625504,0.1543062
30.18583,te,3,3,0.1109871,1.626551,0.152946
30.19742,te,3,3,0.1088512,1.627582,0.1514564
30.20813,te,3,3,0.1066853,1.628695,0.1500299
30.21918,te,3,3,0.1043931,1.629702,0.1487131
30.23021,te,3,3,0.1021629,1.630773,0.1472967
30.24129,te,3,3,0.1001399,1.632108,0.1458189
30.25236,te,3,3,0.09810926,1.633429,0.1444104
30.26398,te,3,3,0.09606649,1.634901,0.1428819
30.27449,te,3,3,0.09398271,1.636367,0.1413562
30.2855,te,3,3,0.09187616,1.637822,0.1397917
30.2966,te,3,3,0.08955742,1.639189,0.1382253
30.30796,te,3,3,0.08731962,1.640809,0.1365933
30.31884,te,3,3,0.08478285,1.642448,0.1346664
30.32995,te,3,3,0.0822996,1.644207,0.1328337
30.34089,te,3,3,0.07985926,1.645931,0.1309085
30.35201,te,3,3,0.0774144,1.647708,0.1286831
30.36335,te,3,3,0.07487262,1.649454,0.1263671
30.37425,te,3,3,0.07230855,1.651219,0.1240947
30.38542,te,3,3,0.06978811,1.652993,0.1216483
30.39665,te,3,3,0.06713987,1.654782,0.1190198
30.40767,te,3,3,0.06457437,1.656565,0.1165693
30.41898,te,3,3,0.06204856,1.65834,0.1139696
30.43046,te,3,3,0.05958498,1.65998,0.1115093
30.441,te,3,3,0.05708588,1.661479,0.1090641
30.45207,te,3,3,0.05460799,1.662942,0.1066527
30.46341,te,3,3,0.05221296,1.664127,0.1041663
30.47421,te,3,3,0.04987729,1.665194,0.1018217
30.48529,te,3,3,0.04753805,1.6662,0.09989024
30.49641,te,3,3,0.04536987,1.667019,0.09804274
30.50728,te,3,3,0.04332865,1.66763,0.09666611
30.51844,te,3,3,0.04115749,1.668056,0.09531619
30.52954,te,3,3,0.03917563,1.668335,0.09407641
30.54068,te,3,3,0.03705132,1.668687,0.09313966
30.5516,te,3,3,0.03498983,1.668887,0.09223749
30.56269,te,3,3,0.03305828,1.669142,0.09158421
30.57378,te,3,3,0.03111159,1.669463,0.09094572
30.58494,te,3,3,0.02915251,1.669658,0.09027648
30.5959,te,3,3,0.02720677,1.669864,0.08991694
30.60698,te,3,3,0.02520573,1.670065,0.0895555
30.61798,te,3,3,0.02329337,1.670231,0.08934117
30.62918,te,3,3,0.02127861,1.670371,0.08930589
30.64044,te,3,3,0.01931285,1.670542,0.08927918
30.65148,te,3,3,0.01735114,1.67065,0.0893283
30.66253,te,3,3,0.01534128,1.670791,0.08943725
30.67359,te,3,3,0.01328325,1.671028,0.0897708
30.68463,te,3,3,0.01124298,1.671224,0.09021807
30.6959,te,3,3,0.009125585,1.671416,0.09078098
30.70711,te,3,3,0.006981725,1.671644,0.09133817
30.71824,te,3,3,0.004697674,1.671649,0.09156037
30.72943,te,3,3,0.002445691,1.671866,0.09228993
30.74063,te,3,3,0.000122183,1.672051,0.09305168
30.75187,te,3,3,-0.002216219,1.672306,0.09389783
30.76297,te,3,3,-0.004673361,1.672487,0.09487034
30.77414,te,3,3,-0.007218838,1.672505,0.09563233
30.78528,te,3,3,-0.009822845,1.6727,0.09667613
30.79653,te,3,3,-0.01244366,1.672909,0.09780313
30.80771,te,3,3,-0.01505888,1.673131,0.09888174
30.81873,te,3,3,-0.01787508,1.673191,0.09960891
30.82981,te,3,3,-0.0206101,1.673413,0.1007285
30.84093,te,3,3,-0.02341819,1.673644,0.1018565
30.8521,te,3,3,-0.02633369,1.673915,0.1029892
30.8632,te,3,3,-0.02913189,1.674181,0.1041052
30.87431,te,3,3,-0.03198219,1.674416,0.105222
30.88547,te,3,3,-0.0348723,1.674649,0.1063011
30.89654,te,3,3,-0.03784037,1.674776,0.1066649
30.90793,te,3,3,-0.04080367,1.675005,0.1076086
30.91894,te,3,3,-0.04366207,1.675035,0.1081767
30.93023,te,3,3,-0.04652286,1.675189,0.1090601
30.94089,te,3,3,-0.04935098,1.675244,0.1095741
30.95225,te,3,3,-0.05224932,1.675437,0.1101537
30.96315,te,3,3,-0.05515695,1.675623,0.1108129
30.97416,te,3,3,-0.05796374,1.675754,0.1113067
30.98534,te,3,3,-0.06076313,1.675874,0.1117039
30.99643,te,3,3,-0.06352998,1.676081,0.1121989
31.00755,te,3,3,-0.06624175,1.676291,0.1125489
31.01842,te,3,3,-0.06895626,1.676485,0.1129999
31.02961,te,3,3,-0.07164753,1.676615,0.1133175
31.04055,te,3,3,-0.07420672,1.676696,0.1135288
31.0516,te,3,3,-0.07659865,1.676671,0.1131282
31.06277,te,3,3,-0.07901431,1.676547,0.1129301
31.07372,te,3,3,-0.08121551,1.676538,0.1128688
31.08497,te,3,3,-0.08345044,1.676429,0.1126414
31.09597,te,3,3,-0.08558262,1.676372,0.1125157
31.10709,te,3,3,-0.0876546,1.676203,0.1123333
31.11838,te,3,3,-0.08957864,1.675943,0.1120756
31.12948,te,3,3,-0.09126902,1.675664,0.1117676
31.14064,te,3,3,-0.09293593,1.675341,0.1114078
31.15206,te,3,3,-0.09448339,1.674943,0.1107848
31.16319,te,3,3,-0.09602131,1.674589,0.1101089
31.17392,te,3,3,-0.09727348,1.674318,0.1095467
31.18512,te,3,3,-0.09861459,1.674126,0.1089757
31.19624,te,3,3,-0.09986557,1.673943,0.1084979
31.20749,te,3,3,-0.1010401,1.67359,0.1077133
31.21843,te,3,3,-0.1024635,1.673265,0.1071658
31.22959,te,3,3,-0.1036849,1.673112,0.1066225
31.24058,te,3,3,-0.1050711,1.672861,0.1059006
31.25175,te,3,3,-0.1063984,1.672787,0.1053472
31.26293,te,3,3,-0.1076548,1.67275,0.1047333
31.27395,te,3,3,-0.1089862,1.672678,0.1041482
31.28512,te,3,3,-0.1102973,1.672597,0.1036017
31.29639,te,3,3,-0.1115819,1.672478,0.1030503
31.30763,te,3,3,-0.1127508,1.672202,0.1022373
31.31865,te,3,3,-0.1138132,1.672056,0.1015592
31.32984,te,3,3,-0.1146774,1.672013,0.100977
31.34073,te,3,3,-0.1155137,1.671835,0.1002581
31.35184,te,3,3,-0.1160392,1.671854,0.0996168
31.36273,te,3,3,-0.1166037,1.671876,0.09916475
31.37375,te,3,3,-0.1169843,1.672048,0.09876826
31.38484,te,3,3,-0.1173444,1.672189,0.09843352
31.39595,te,3,3,-0.1175279,1.672255,0.09814742
31.40708,te,3,3,-0.1175313,1.672382,0.09767845
31.41822,te,3,3,-0.1174194,1.672653,0.09748963
31.42933,te,3,3,-0.1170029,1.672902,0.09720305
31.44041,te,3,3,-0.116552,1.67317,0.09714177
31.45158,te,3,3,-0.1161629,1.673479,0.09721425
31.46297,te,3,3,-0.1156155,1.673806,0.09741452
31.47406,te,3,3,-0.1148933,1.674081,0.09753206
31.48522,te,3,3,-0.1140274,1.674435,0.09779313
31.49639,te,3,3,-0.1130986,1.674818,0.09814098
31.50751,te,3,3,-0.1120591,1.675183,0.09857801
31.51853,te,3,3,-0.1109152,1.67547,0.09904698
31.52973,te,3,3,-0.1096373,1.675831,0.09966901
31.54074,te,3,3,-0.1081938,1.676134,0.1003378
31.55193,te,3,3,-0.1067077,1.676435,0.1010168
31.563,te,3,3,-0.1050157,1.676733,0.1016374
31.5741,te,3,3,-0.1031208,1.676994,0.1022957
31.58536,te,3,3,-0.1013289,1.677321,0.1029671
31.59647,te,3,3,-0.09929933,1.677552,0.1035607
31.60773,te,3,3,-0.0972444,1.67784,0.1041882
31.61867,te,3,3,-0.09510793,1.678015,0.1047087
31.62984,te,3,3,-0.09299386,1.678212,0.1053026
31.64082,te,3,3,-0.09045816,1.678263,0.1055606
31.65179,te,3,3,-0.08798922,1.678342,0.1059175
31.66319,te,3,3,-0.08533431,1.678547,0.1064146
31.67392,te,3,3,-0.08280254,1.678581,0.1066883
31.68492,te,3,3,-0.08009291,1.678604,0.1067853
31.696,te,3,3,-0.07734323,1.678625,0.1066637
31.707,te,3,3,-0.07465864,1.678623,0.1066442
31.71802,te,3,3,-0.07164539,1.678721,0.1062451
31.729,te,3,3,-0.06871236,1.678884,0.1058443
31.74001,te,3,3,-0.06580604,1.679152,0.1052969
31.75098,te,3,3,-0.06291486,1.679417,0.1044007
31.76191,te,3,3,-0.06004346,1.679905,0.103292
31.77307,te,3,3,-0.05726505,1.680411,0.1020262
31.78417,te,3,3,-0.05445517,1.681007,0.1007254
31.79511,te,3,3,-0.05183793,1.681603,0.09935357
31.80627,te,3,3,-0.04917503,1.682035,0.09759357
31.81737,te,3,3,-0.04660488,1.682414,0.09577776
31.82842,te,3,3,-0.0441649,1.682615,0.09400012
31.83948,te,3,3,-0.04183925,1.682751,0.09206058
31.85065,te,3,3,-0.03955854,1.682752,0.09023
31.86172,te,3,3,-0.03752304,1.682702,0.0882857
31.87281,te,3,3,-0.03562905,1.682637,0.08616854
31.88388,te,3,3,-0.033664,1.682548,0.08395983
31.89499,te,3,3,-0.03187097,1.682545,0.08192207
31.90649,te,3,3,-0.03010918,1.682417,0.07978918
31.91728,te,3,3,-0.02867688,1.682309,0.07773997
31.92842,te,3,3,-0.02712299,1.682127,0.07561304
31.93969,te,3,3,-0.02571691,1.68194,0.07370473
31.95086,te,3,3,-0.02426482,1.681868,0.07184555
31.96192,te,3,3,-0.02317275,1.681741,0.07015682
31.97306,te,3,3,-0.02205802,1.681624,0.06841923
31.98427,te,3,3,-0.02110136,1.681545,0.06672002
31.99556,te,3,3,-0.02006854,1.681488,0.06508303
32.00673,te,3,3,-0.01931191,1.681403,0.06350327
32.01894,te,3,3,-0.01839651,1.68123,0.06183649
32.02907,te,3,3,-0.01780439,1.681177,0.06005073
32.04067,te,3,3,-0.01708008,1.681218,0.05855919
32.05175,te,3,3,-0.01664592,1.681276,0.05700494
32.0626,te,3,3,-0.01618112,1.681513,0.05558992
32.07325,te,3,3,-0.01595248,1.681724,0.05413509
32.08429,te,3,3,-0.0156349,1.681939,0.05275489
32.09551,te,3,3,-0.01551629,1.682084,0.051296
32.1065,te,3,3,-0.01539815,1.682099,0.04983545
32.11775,te,3,3,-0.01536299,1.682258,0.04854871
32.13184,te,3,3,-0.01526166,1.682393,0.04725314
32.14043,te,3,3,-0.01525916,1.682523,0.0459919
32.15089,te,3,3,-0.01533307,1.682525,0.04473472
32.16202,te,3,3,-0.01542009,1.682574,0.04347921
32.17308,te,3,3,-0.015759,1.682667,0.04244519
32.18432,te,3,3,-0.01596607,1.682751,0.04123593
32.19554,te,3,3,-0.01612688,1.682816,0.04017568
32.20665,te,3,3,-0.01656498,1.682667,0.03903461
32.21764,te,3,3,-0.01683678,1.682656,0.03802491
32.22855,te,3,3,-0.01713909,1.68265,0.03705669
32.23952,te,3,3,-0.01750387,1.682586,0.03598452
32.25082,te,3,3,-0.01792575,1.682589,0.03511954
32.26163,te,3,3,-0.01829327,1.682696,0.03422118
32.27266,te,3,3,-0.01871456,1.682808,0.03338767
32.28387,te,3,3,-0.01913644,1.682875,0.03258992
32.29504,te,3,3,-0.01957489,1.682933,0.0318625
32.30569,te,3,3,-0.01998307,1.682872,0.03115035
32.31719,te,3,3,-0.0204568,1.682865,0.03052164
32.32765,te,3,3,-0.02087678,1.682845,0.02999712
32.33883,te,3,3,-0.02131738,1.682914,0.02951003
32.34999,te,3,3,-0.02182223,1.682994,0.02911783
32.36115,te,3,3,-0.02232851,1.683007,0.02870131
32.37226,te,3,3,-0.02278389,1.682994,0.02842665
32.38367,te,3,3,-0.02317644,1.683019,0.02813197
32.39464,te,3,3,-0.02356662,1.683024,0.02793647
32.40567,te,3,3,-0.02392353,1.683005,0.02782584
32.41668,te,3,3,-0.02428116,1.682994,0.02775503
32.42778,te,3,3,-0.02459158,1.682981,0.02771402
32.43894,te,3,3,-0.0247487,1.682986,0.02770472
32.45046,te,3,3,-0.02497388,1.683027,0.02774287
32.46114,te,3,3,-0.0251943,1.682951,0.02778531
32.47223,te,3,3,-0.02539743,1.683021,0.02797414
32.48325,te,3,3,-0.02548255,1.683049,0.0281067
32.49464,te,3,3,-0.02548315,1.683095,0.02833725
32.50541,te,3,3,-0.02547623,1.683107,0.02845693
32.51655,te,3,3,-0.02541997,1.683136,0.02871848
32.52778,te,3,3,-0.02542068,1.683229,0.02881718
32.53904,te,3,3,-0.02533187,1.683244,0.02874876
32.55022,te,3,3,-0.02526356,1.683333,0.02880073
32.56154,te,3,3,-0.02509965,1.683427,0.02877355
32.57263,te,3,3,-0.02495636,1.683562,0.02880407
32.58388,te,3,3,-0.02481557,1.683577,0.02885175
32.59544,te,3,3,-0.02463664,1.683555,0.02894235
32.60614,te,3,3,-0.02453925,1.683442,0.02919889
32.61783,te,3,3,-0.0242634,1.683321,0.02927376
32.6286,te,3,3,-0.02386846,1.683169,0.02933694
32.64014,te,3,3,-0.02347495,1.683048,0.02941013
32.65096,te,3,3,-0.02306177,1.682924,0.02944041
32.66232,te,3,3,-0.02256788,1.682715,0.02949191
32.67325,te,3,3,-0.02205278,1.682466,0.02956582
32.68445,te,3,3,-0.02148677,1.682282,0.02967549
32.69556,te,3,3,-0.02083172,1.682105,0.02975321
32.70673,te,3,3,-0.02029003,1.681895,0.03008533
32.71806,te,3,3,-0.01948096,1.681798,0.03034854
32.72921,te,3,3,-0.01874901,1.681702,0.03056193
32.74021,te,3,3,-0.01784743,1.681723,0.03088499
32.75143,te,3,3,-0.01678516,1.681677,0.03115488
32.76249,te,3,3,-0.01571716,1.681584,0.03144503
32.77385,te,3,3,-0.01457311,1.681488,0.03170395
32.78463,te,3,3,-0.01329078,1.681329,0.03200889
32.79565,te,3,3,-0.01197113,1.681148,0.03224373
32.80673,te,3,3,-0.01066614,1.681015,0.0326097
32.81767,te,3,3,-0.009234916,1.680848,0.03303218
32.82895,te,3,3,-0.007753503,1.680801,0.03361941
32.83975,te,3,3,-0.006436598,1.680756,0.03412962
32.85097,te,3,3,-0.004918824,1.680786,0.03468538
32.86196,te,3,3,-0.003325592,1.680774,0.03511405
32.87313,te,3,3,-0.001562487,1.680844,0.03564024
32.88429,te,3,3,0.0001672404,1.680942,0.0363071
32.89547,te,3,3,0.001958599,1.681033,0.03684068
32.90642,te,3,3,0.003816476,1.681197,0.03762293
32.91812,te,3,3,0.005694499,1.681262,0.03842545
32.92876,te,3,3,0.00761663,1.681427,0.03932691
32.94004,te,3,3,0.009686699,1.681671,0.04013515
32.95113,te,3,3,0.01170074,1.681875,0.04104948
32.96238,te,3,3,0.01375627,1.681994,0.04184866
32.97346,te,3,3,0.01567375,1.682107,0.04276299
32.9846,te,3,3,0.01766085,1.682316,0.04373431
32.9957,te,3,3,0.01969837,1.682498,0.0448842
33.00679,te,3,3,0.02169286,1.682608,0.04592776
33.01787,te,3,3,0.02373802,1.682714,0.04689265
33.02938,te,3,3,0.02570951,1.682895,0.04799152
33.04002,te,3,3,0.02774548,1.683095,0.04913211
33.0511,te,3,3,0.02976954,1.683217,0.05040288
33.06282,te,3,3,0.0317614,1.683189,0.051615
33.0735,te,3,3,0.03383374,1.683218,0.05298973
33.08438,te,3,3,0.03600359,1.683299,0.05444742
33.09546,te,3,3,0.03802979,1.683328,0.05592251
33.10659,te,3,3,0.04003548,1.683315,0.05743957
33.1177,te,3,3,0.041978,1.683291,0.05897141
33.12885,te,3,3,0.04379451,1.683209,0.06065488
33.14031,te,3,3,0.04560411,1.683082,0.06228137
33.15113,te,3,3,0.04723203,1.682906,0.06398153
33.16222,te,3,3,0.04889429,1.682668,0.06559753
33.17337,te,3,3,0.05034828,1.682448,0.06740546
33.18451,te,3,3,0.05180085,1.682355,0.06928921
33.19556,te,3,3,0.05306721,1.682209,0.07115245
33.20663,te,3,3,0.05427706,1.682066,0.07308746
33.21751,te,3,3,0.05531132,1.682012,0.07512522
33.22864,te,3,3,0.05637467,1.681864,0.07709838
33.23968,te,3,3,0.05717564,1.681734,0.07915951
33.25073,te,3,3,0.05798244,1.681635,0.08121348
33.26181,te,3,3,0.05858374,1.681456,0.08326865
33.27288,te,3,3,0.05925274,1.681312,0.0852728
33.284,te,3,3,0.05970407,1.681222,0.08734322
33.2955,te,3,3,0.06007981,1.681166,0.08938838
33.30647,te,3,3,0.06033933,1.681073,0.09146286
33.31758,te,3,3,0.06062567,1.680987,0.09352423
33.32882,te,3,3,0.06080581,1.680939,0.09561969
33.34,te,3,3,0.0609597,1.680911,0.09771634
33.35101,te,3,3,0.06100119,1.680935,0.09980608
33.36198,te,3,3,0.06103874,1.680998,0.1020074
33.37301,te,3,3,0.06099022,1.681062,0.1041541
33.38424,te,3,3,0.06087757,1.681028,0.1061368
33.3956,te,3,3,0.06073225,1.681082,0.1083844
33.40658,te,3,3,0.06050933,1.681087,0.1105955
33.41744,te,3,3,0.06020988,1.681126,0.112915
33.42845,te,3,3,0.05986656,1.681099,0.1151917
33.43954,te,3,3,0.05956329,1.681085,0.1174266
33.45058,te,3,3,0.05931855,1.681127,0.1197176
33.46175,te,3,3,0.05873442,1.681187,0.1220412
33.47284,te,3,3,0.05811132,1.681169,0.124244
33.48395,te,3,3,0.05750132,1.681226,0.1266522
33.49617,te,3,3,0.0566696,1.681258,0.1290526
33.50667,te,3,3,0.05578638,1.681411,0.1315465
33.51751,te,3,3,0.0548786,1.681595,0.1340375
33.52908,te,3,3,0.0539049,1.681782,0.1364729
33.53999,te,3,3,0.05278683,1.682083,0.138957
33.55122,te,3,3,0.051628,1.682295,0.1412699
33.56206,te,3,3,0.05027521,1.682647,0.1437287
33.57314,te,3,3,0.04887594,1.682938,0.1460228
33.58434,te,3,3,0.04744876,1.683229,0.1483665
33.59556,te,3,3,0.04594577,1.683484,0.1505919
33.60688,te,3,3,0.04429663,1.68374,0.1528077
33.61777,te,3,3,0.04254425,1.684051,0.1548612
33.62891,te,3,3,0.04079986,1.684359,0.1569164
33.64,te,3,3,0.0390414,1.684603,0.1589391
33.65122,te,3,3,0.03726769,1.684986,0.1609016
33.66205,te,3,3,0.03543175,1.685351,0.1627584
33.67311,te,3,3,0.03357041,1.685755,0.1645677
33.68408,te,3,3,0.03161371,1.686196,0.1662388
33.69524,te,3,3,0.02967656,1.686479,0.1677601
33.70625,te,3,3,0.0277344,1.686904,0.1691055
33.71743,te,3,3,0.02572775,1.687265,0.1705396
33.72824,te,3,3,0.02366758,1.687523,0.1713827
33.73928,te,3,3,0.02164328,1.687905,0.1725359
33.75065,te,3,3,0.01956999,1.688266,0.1735242
33.76154,te,3,3,0.01738584,1.688664,0.1744044
33.77261,te,3,3,0.01524794,1.688998,0.1752811
33.78373,te,3,3,0.01306057,1.689401,0.1760664
33.79486,te,3,3,0.0108943,1.689796,0.1768329
33.80615,te,3,3,0.00854552,1.69014,0.1773634
33.81721,te,3,3,0.0063504,1.690506,0.1776488
33.82847,te,3,3,0.004122378,1.691026,0.1781635
33.8395,te,3,3,0.001855375,1.691531,0.1785672
33.85067,te,3,3,-0.0003936282,1.692075,0.1790123
33.86192,te,3,3,-0.002690553,1.692646,0.1793542
33.87303,te,3,3,-0.0049932,1.693128,0.179549
33.88405,te,3,3,-0.007209539,1.693585,0.1798709
33.89518,te,3,3,-0.009533286,1.694129,0.1801236
33.90625,te,3,3,-0.01187623,1.6947,0.1803343
33.91747,te,3,3,-0.01423061,1.695178,0.180357
33.92842,te,3,3,-0.0166111,1.695634,0.180409
33.93941,te,3,3,-0.01896978,1.696011,0.1804671
33.95062,te,3,3,-0.02130485,1.696406,0.1805172
33.96165,te,3,3,-0.02352012,1.696741,0.1805165
33.9728,te,3,3,-0.02576864,1.697059,0.1804943
33.98381,te,3,3,-0.02783394,1.697295,0.1804607
33.9948,te,3,3,-0.02977598,1.697369,0.1804252
34.00589,te,3,3,-0.03153825,1.697505,0.1804042
34.01701,te,3,3,-0.0332501,1.697596,0.1803398
34.02832,te,3,3,-0.03470624,1.697655,0.1803525
34.03911,te,3,3,-0.03607512,1.697703,0.1804245
34.05024,te,3,3,-0.03737653,1.697786,0.1803377
34.06146,te,3,3,-0.03850329,1.69781,0.1804936
34.07251,te,3,3,-0.03944278,1.697774,0.1805029
34.08358,te,3,3,-0.04031575,1.697741,0.180526
34.09464,te,3,3,-0.04109133,1.697801,0.1807742
34.10585,te,3,3,-0.04175675,1.697735,0.1809337
34.117,te,3,3,-0.04229498,1.697779,0.1812177
34.12799,te,3,3,-0.04262245,1.697817,0.1814597
34.13915,te,3,3,-0.04291392,1.697757,0.1817165
34.15026,te,3,3,-0.04310954,1.697768,0.1821294
34.1615,te,3,3,-0.04325056,1.697787,0.1825643
34.17253,te,3,3,-0.04307998,1.697804,0.1829932
34.1836,te,3,3,-0.04300475,1.697727,0.183316
34.19484,te,3,3,-0.04283166,1.697711,0.1837704
34.20576,te,3,3,-0.04257632,1.69767,0.184222
34.217,te,3,3,-0.04221893,1.697517,0.1846028
34.2282,te,3,3,-0.04164863,1.697432,0.184978
34.23936,te,3,3,-0.04112983,1.697337,0.1854
34.25053,te,3,3,-0.04048491,1.697214,0.185792
34.26163,te,3,3,-0.03973341,1.697178,0.1861193
34.27274,te,3,3,-0.03891313,1.697095,0.1864233
34.28385,te,3,3,-0.03811205,1.696994,0.1867135
34.2949,te,3,3,-0.03714311,1.696928,0.1868727
34.30632,te,3,3,-0.03623677,1.696839,0.1870937
34.31713,te,3,3,-0.03509498,1.696815,0.1871822
34.32836,te,3,3,-0.03395939,1.696758,0.1872006
34.33928,te,3,3,-0.03289056,1.696715,0.1872344
34.35046,te,3,3,-0.03170956,1.696687,0.1873481
34.36161,te,3,3,-0.0304153,1.69657,0.1873191
34.37258,te,3,3,-0.02899039,1.696498,0.1873887
34.38381,te,3,3,-0.02761889,1.696354,0.1873164
34.39488,te,3,3,-0.02624214,1.696174,0.1871321
34.40609,te,3,3,-0.02479387,1.696026,0.1870241
34.41725,te,3,3,-0.02334559,1.696032,0.1869507
34.42844,te,3,3,-0.0218736,1.695892,0.1869152
34.43953,te,3,3,-0.02025318,1.695764,0.1867216
34.45066,te,3,3,-0.01864815,1.695607,0.1864145
34.46183,te,3,3,-0.01704335,1.69547,0.1861355
34.47274,te,3,3,-0.01548541,1.695376,0.1856566
34.48375,te,3,3,-0.01381493,1.695233,0.1852906
34.4948,te,3,3,-0.0121243,1.695035,0.1849442
34.50616,te,3,3,-0.01041853,1.694748,0.1844745
34.51695,te,3,3,-0.008688807,1.694423,0.1838856
34.52803,te,3,3,-0.007000446,1.694096,0.1833248
34.53915,te,3,3,-0.005282163,1.693891,0.1827026
34.55028,te,3,3,-0.003483653,1.693782,0.1819821
34.56094,te,3,3,-0.001750945,1.693757,0.1811867
34.57211,te,3,3,7.760619E-05,1.693791,0.1803401
34.5833,te,3,3,0.001830221,1.69396,0.179399
34.59409,te,3,3,0.003675105,1.694002,0.1783898
34.60518,te,3,3,0.005398275,1.694018,0.1774271
34.61638,te,3,3,0.007154586,1.694026,0.1764739
34.62734,te,3,3,0.00887716,1.693998,0.1754525
34.63838,te,3,3,0.01061905,1.693834,0.1743479
34.64945,te,3,3,0.01234281,1.693731,0.1731889
34.66071,te,3,3,0.0140245,1.693658,0.1721795
34.67214,te,3,3,0.01573789,1.693493,0.1708012
34.68304,te,3,3,0.01738155,1.693315,0.1694889
34.6941,te,3,3,0.01899457,1.693286,0.1684959
34.7053,te,3,3,0.02055752,1.693111,0.1671543
34.71644,te,3,3,0.02206874,1.692935,0.165859
34.72744,te,3,3,0.02351678,1.692759,0.1645022
34.73879,te,3,3,0.02496994,1.692618,0.1631053
34.74998,te,3,3,0.02631486,1.692439,0.1617217
34.76101,te,3,3,0.02752054,1.692189,0.1603246
34.77237,te,3,3,0.02884984,1.691947,0.1589339
34.78337,te,3,3,0.03008998,1.691653,0.1575258
34.7944,te,3,3,0.0313257,1.691356,0.1561277
34.80548,te,3,3,0.03241659,1.691063,0.1547096
34.81662,te,3,3,0.0335325,1.690802,0.1533222
34.82772,te,3,3,0.03453052,1.690657,0.151994
34.83899,te,3,3,0.03553498,1.69045,0.1506579
34.85006,te,3,3,0.03653324,1.690265,0.1492222
34.86107,te,3,3,0.03752745,1.690076,0.1479252
34.8718,te,3,3,0.03842247,1.690003,0.1467922
34.8829,te,3,3,0.03924418,1.689933,0.1456115
34.89416,te,3,3,0.04011357,1.689792,0.1443298
34.90505,te,3,3,0.04087651,1.689789,0.1432145
34.91645,te,3,3,0.04160321,1.689709,0.1421626
34.92729,te,3,3,0.0422833,1.68957,0.1411767
34.93827,te,3,3,0.04296685,1.689526,0.1401992
34.94942,te,3,3,0.04361678,1.689446,0.1391864
34.96127,te,3,3,0.04420138,1.689488,0.1382339
34.97174,te,3,3,0.04471362,1.689449,0.1373394
34.98274,te,3,3,0.04524255,1.68946,0.1364896
34.99394,te,3,3,0.04573155,1.689456,0.1356468
35.00494,te,3,3,0.04619754,1.689421,0.1348922
35.01622,te,3,3,0.04673815,1.689372,0.1343017
35.02754,te,3,3,0.04728425,1.689423,0.1335843
35.03868,te,3,3,0.04769195,1.689536,0.1329763
35.04998,te,3,3,0.048113,1.689681,0.1323969
35.061,te,3,3,0.04846562,1.689775,0.1318324
35.07203,te,3,3,0.04881573,1.689786,0.1311052
35.08316,te,3,3,0.04912651,1.689869,0.1306067
35.09418,te,3,3,0.04941297,1.690008,0.1299162
35.10524,te,3,3,0.04967559,1.690099,0.1295848
35.11633,te,3,3,0.04991914,1.690196,0.1291494
35.12739,te,3,3,0.05013634,1.690284,0.1287625
35.13867,te,3,3,0.05048085,1.690438,0.1285968
35.14981,te,3,3,0.05073369,1.690575,0.1281884
35.16096,te,3,3,0.05095757,1.690683,0.1278732
35.17216,te,3,3,0.0512364,1.690805,0.1273813
35.18346,te,3,3,0.05140246,1.690936,0.1271439
35.19479,te,3,3,0.05164243,1.691027,0.1268544
35.20573,te,3,3,0.05173338,1.691118,0.1265833
35.21685,te,3,3,0.05184544,1.691308,0.1264505
35.22785,te,3,3,0.05191613,1.691566,0.1264644
35.23904,te,3,3,0.05195022,1.691812,0.1264834
35.25032,te,3,3,0.05198718,1.692098,0.1264718
35.26141,te,3,3,0.05200375,1.692399,0.1266067
35.27236,te,3,3,0.05200732,1.692714,0.1268203
35.28349,te,3,3,0.05189062,1.693011,0.1271088
35.29456,te,3,3,0.05192471,1.693305,0.1273997
35.3058,te,3,3,0.05208576,1.693653,0.127696
35.31705,te,3,3,0.05212737,1.693758,0.1280682
35.32786,te,3,3,0.05217815,1.693907,0.1285141
35.33899,te,3,3,0.05233324,1.693901,0.1287525
35.35011,te,3,3,0.05251909,1.693956,0.1292291
35.36137,te,3,3,0.05263639,1.693975,0.1295369
35.37249,te,3,3,0.05280937,1.694154,0.130095
35.38342,te,3,3,0.05300666,1.694247,0.1305852
35.39455,te,3,3,0.05314613,1.694456,0.1312363
35.40565,te,3,3,0.05327178,1.69458,0.1317525
35.41683,te,3,3,0.05329812,1.694711,0.1324067
35.42784,te,3,3,0.05338002,1.694832,0.1329393
35.43889,te,3,3,0.05348016,1.694966,0.1336596
35.45012,te,3,3,0.05350662,1.69505,0.1341431
35.46107,te,3,3,0.0535394,1.695134,0.1347027
35.47219,te,3,3,0.05366112,1.695129,0.1350229
35.48331,te,3,3,0.05363608,1.695256,0.1356039
35.49434,te,3,3,0.05354644,1.695432,0.1362936
35.5055,te,3,3,0.0534643,1.695582,0.1369011
35.51665,te,3,3,0.05344415,1.695726,0.1373935
35.52767,te,3,3,0.05330635,1.695881,0.1379924
35.53875,te,3,3,0.05314756,1.69604,0.1384499
35.54975,te,3,3,0.0530038,1.696187,0.1389058
35.56078,te,3,3,0.05284882,1.69634,0.1393402
35.57185,te,3,3,0.05255247,1.696521,0.1397347
35.58303,te,3,3,0.05224312,1.696622,0.1401403
35.59413,te,3,3,0.05194784,1.696769,0.1405203
35.60528,te,3,3,0.05162442,1.696882,0.1409442
35.61649,te,3,3,0.05126978,1.697002,0.1414292
35.62762,te,3,3,0.05086339,1.697119,0.1420598
35.63882,te,3,3,0.05046273,1.69724,0.1427507
35.65016,te,3,3,0.05015147,1.697431,0.1435587
35.6611,te,3,3,0.04982973,1.697684,0.14428
35.67228,te,3,3,0.04948486,1.697869,0.1451919
35.68328,te,3,3,0.04889966,1.698108,0.1463609
35.69461,te,3,3,0.04823757,1.698303,0.147644
35.70549,te,3,3,0.04737807,1.698481,0.1488965
35.71668,te,3,3,0.04642773,1.698758,0.1501653
35.72782,te,3,3,0.04517043,1.698974,0.1512642
35.73891,te,3,3,0.04371453,1.699144,0.1522193
35.75008,te,3,3,0.04218448,1.699378,0.1530447
35.76134,te,3,3,0.04065502,1.699636,0.1538386
35.77215,te,3,3,0.03905416,1.700042,0.1546981
35.78327,te,3,3,0.03722322,1.700367,0.1552961
35.79425,te,3,3,0.03531278,1.7007,0.1557954
35.80527,te,3,3,0.03343368,1.701055,0.1560438
35.81678,te,3,3,0.03139604,1.701388,0.1562994
35.82773,te,3,3,0.02912212,1.701707,0.156451
35.83849,te,3,3,0.02692771,1.702038,0.1565647
35.84955,te,3,3,0.02457655,1.702283,0.1564615
35.86073,te,3,3,0.02223909,1.702552,0.1565375
35.87164,te,3,3,0.01986563,1.702801,0.1564522
35.88287,te,3,3,0.01727474,1.703096,0.1563897
35.89471,te,3,3,0.01469243,1.703331,0.1562691
35.90488,te,3,3,0.01210475,1.703503,0.1561546
35.9159,te,3,3,0.009499552,1.70362,0.1559649
35.92803,te,3,3,0.006677868,1.703612,0.1557534
35.93821,te,3,3,0.003994466,1.703506,0.1553376
35.94968,te,3,3,0.001339913,1.703552,0.1550012
35.9606,te,3,3,-0.001326083,1.703615,0.1548047
